1	8
2	24.8
3	31.5
4	41.1
5	34.9
6	7
7	24.5
8	5.6
9	33.1
10	24.3
11	3.3
12	35.7
13	25.9
14	21.9
15	28.9
16	36.9
17	25.2
18	19.9
19	26
20	27.5
21	19.1
22	6.1
23	34
24	38.5
25	30.7
26	23.5
27	29
28	2.4
29	27.3
30	4.4
31	43.5
32	18.1
33	38
34	40
35	32.4
36	2.7
37	28.5
38	6.7
39	40.5
40	3.9
41	31.6
42	41.9
43	3.2
44	34
45	3.3
46	10.6
47	17
48	28.8
49	9.9
50	25.1
51	21.1
52	32.9
53	37.2
54	43.1
55	25.7
56	28.8
57	14
58	33
59	3
60	36
61	28.5
62	19.5
63	38.4
64	42.3
65	31.2
66	34.4
67	3
68	26.9
69	6.2
70	7.4
71	18.2
72	36.2
73	25.7
74	39.8
75	25.1
76	35.4
77	23
78	11.8
79	3.6
80	39.5
81	20.9
82	33.6
83	3.5
84	34.5
85	27.6
86	36.6
87	41.3
88	37.3
89	31.5
90	10
91	8
92	2.6
93	34.4
94	22.9
95	7.3
96	3.7
97	37.6
98	27.3
99	40.2
100	38.3
101	29.3
102	29.9
103	31.3
104	12.3
105	4.9
106	14.9
107	10
108	16.9
109	9.2
110	22.5
111	33.9
112	10.1
113	11.9
114	17
115	13.9
116	32.2
117	8.1
118	10.5
119	16.4
120	24.8
121	6.5
122	6.5
123	35
124	25.8
125	31.7
126	1.6
127	18.7
128	43.5
129	39.3
130	1.8
131	42.9
132	15.3
133	5.1
134	45
135	38.4
136	32
137	9.3
138	24.5
139	31.2
140	22.1
141	26.5
142	42.6
143	14.4
144	41.4
145	7.1
146	5
147	14.1
148	7.1
149	31.1
150	41.3
151	33.5
152	28.2
153	32.3
154	2.8
155	23.6
156	3.2
157	40.8
158	31.8
159	25.5
160	1.4
161	30.8
162	33.8
163	34
164	37.4
165	2.1
166	2.8
167	34.1
168	26.1
169	11.9
170	12.8
171	16.7
172	27.7
173	30.6
174	27.3
175	6.8
176	8.2
177	5.4
178	1.8
179	6.8
180	2.8
181	31.2
182	35.2
183	11.3
184	31.4
185	3.9
186	15.1
187	41
188	1.7
189	34.4
190	2
191	27.4
192	12.1
193	3.5
194	34.7
195	24.9
196	28.8
197	33.5
198	27.2
199	19.5
200	26.1
201	41.9
202	26.4
203	34.5
204	12.1
205	34.5
206	35
207	26.1
208	27.2
209	5.6
210	19.7
211	29.3
212	7
213	32.8
214	25.7
215	24.8
216	3.5
217	30.5
218	22.8
219	38.4
220	32.3
221	5.3
222	28.9
223	39.7
224	18.2
225	8.6
226	21.4
227	37.2
228	42
229	1.3
230	23.2
231	20.6
232	42.9
233	36.8
234	1.8
235	6.4
236	33.6
237	28.6
238	4.8
239	36.9
240	3.3
241	30.5
242	29.8
243	3.4
244	17.9
245	24.1
246	3.7
247	20.3
248	33
249	7.2
250	2.8
251	7.8
252	8.3
253	39.3
254	31.1
255	30.6
256	17.4
257	5.9
258	16.7
259	44.7
260	36.2
261	18.2
262	1.5
263	38.4
264	32.1
265	31.2
266	34.3
267	9.1
268	32.2
269	21.9
270	43
271	4.3
272	18
273	34.2
274	5.2
275	6.8
276	37.8
277	29.2
278	36.2
279	15.1
280	31.1
281	7.3
282	33.7
283	1.3
284	10.9
285	14.7
286	34.9
287	36.5
288	32.5
289	36.8
290	35.8
291	35.9
292	32.6
293	40.7
294	30.2
295	36.4
296	37.6
297	2.2
298	28.4
299	31
300	2.5
301	2.9
302	27.4
303	4.5
304	11.2
305	26.2
306	34.7
307	34.6
308	29.2
309	6.5
310	31.7
311	18.6
312	1.1
313	9.8
314	14.6
315	35.3
316	31.7
317	30.1
318	28
319	34.2
320	7.2
321	21.6
322	19.9
323	8
324	42.5
325	26.6
326	29.7
327	26.4
328	4.3
329	33.6
330	40.2
331	33
332	1.9
333	32.9
334	2.5
335	36.7
336	8.7
337	31.3
338	1.5
339	39.8
340	3.6
341	2.1
342	7.9
343	33
344	35.2
345	35.2
346	28.2
347	30.3
348	14.2
349	38.8
350	5.7
351	28.8
352	30.2
353	11.3
354	6.2
355	32.9
356	30.5
357	36
358	19.3
359	17.7
360	19.1
361	17.2
362	41.4
363	16.7
364	5.7
365	17.7
366	9.5
367	8.8
368	22.5
369	37.6
370	36.9
371	23.5
372	5
373	22.6
374	34.7
375	3.3
376	24.5
377	28.8
378	9.1
379	40.2
380	10
381	2.9
382	32.5
383	37.7
384	28.6
385	28.1
386	4.9
387	29.5
388	5.2
389	33.5
390	10.3
391	34.5
392	18.9
393	23
394	24.5
395	21.7
396	31.5
397	28.2
398	4.1
399	12.9
400	1.3
401	9
402	5.6
403	6.8
404	27.9
405	22.7
406	27.3
407	20.5
408	1.7
409	9.4
410	19.5
411	8.9
412	5.2
413	42.3
414	3.5
415	37.1
416	4.4
417	35.2
418	25.9
419	42
420	35
421	5.3
422	28.2
423	27.9
424	7
425	11.7
426	32.5
427	27.7
428	30.2
429	35.4
430	27.6
431	25.8
432	10.5
433	5.3
434	26.7
435	34.4
436	17.9
437	25
438	35
439	2.7
440	24.8
441	20.9
442	13.8
443	2
444	23
445	39.5
446	25.3
447	33.9
448	12.3
449	24.4
450	32.1
451	34.7
452	3.1
453	16.3
454	34.6
455	35
456	16.2
457	42
458	31
459	2.5
460	36.6
461	9.4
462	36.1
463	35.2
464	11.6
465	35.2
466	29.5
467	28.4
468	2
469	40.9
470	2.3
471	5
472	34.2
473	36.1
474	27.3
475	28.1
476	25.8
477	28.9
478	15.8
479	12.6
480	31.4
481	4.2
482	20.3
483	4.1
484	14.2
485	4
486	3.3
487	39.2
488	27.9
489	32.8
490	9.7
491	5.8
492	12.9
493	2.9
494	23.4
495	24.9
496	1.9
497	26.5
498	34.2
499	1.4
500	20.6
501	22.7
502	40.4
503	6.8
504	2.3
505	6.4
506	26.6
507	12
508	36.5
509	2.2
510	28
511	36.6
512	33.3
513	27.6
514	32
515	41.2
516	2.2
517	36.1
518	33
519	15.6
520	12.7
521	20.7
522	22
523	5.3
524	36.3
525	34.8
526	27.9
527	30
528	26.9
529	33.4
530	25.7
531	33.8
532	6.3
533	2.8
534	28.7
535	34.3
536	31.1
537	20.1
538	1.8
539	29.6
540	8.4
541	7
542	38.2
543	31.8
544	43.6
545	14.2
546	2.5
547	2.1
548	34.2
549	27.2
550	16.8
551	24.2
552	19.4
553	37.8
554	42.7
555	35.4
556	33.4
557	1.8
558	33.7
559	17.1
560	22.5
561	41.5
562	17.4
563	10.3
564	4.9
565	15.7
566	25.1
567	9.7
568	2.5
569	35.2
570	5.9
571	34.1
572	7.1
573	32.5
574	12.3
575	33.2
576	35.7
577	34.2
578	8.2
579	2
580	42.2
581	28.8
582	21
583	2.2
584	36.3
585	31.5
586	28.7
587	26.7
588	5.8
589	20.7
590	27.2
591	13.2
592	26.6
593	10.4
594	28.4
595	28.9
596	34.2
597	21.9
598	20
599	34.3
600	13.8
601	43.6
602	14.2
603	21.6
604	31.4
605	11.8
606	42.8
607	34.1
608	11.3
609	1.6
610	18.1
611	40.6
612	27.6
613	35.9
614	29.6
615	40.2
616	38
617	37
618	4.1
619	22.3
620	35.8
621	24.9
622	36.3
623	25.6
624	25.6
625	11.6
626	15.4
627	3.1
628	0.8
629	34.4
630	6.4
631	5.3
632	35.1
633	33.1
634	7.1
635	32.6
636	32.8
637	24.1
638	0.9
639	28.6
640	38.5
641	31.1
642	15.2
643	35
644	4.1
645	24.6
646	3.7
647	24.1
648	21.4
649	6
650	31.4
651	4.6
652	34.7
653	7.3
654	37.2
655	33.1
656	2.1
657	3.9
658	34.7
659	34.8
660	3.3
661	36.4
662	13.5
663	27.9
664	33.2
665	30.7
666	30.2
667	37.2
668	35.6
669	11.6
670	6.5
671	37.8
672	8.5
673	19.7
674	36.4
675	18.9
676	28.6
677	34.9
678	26.8
679	11.8
680	31.4
681	26.4
682	20.7
683	19.5
684	36
685	23.5
686	9.4
687	36.1
688	17.1
689	23.4
690	18.9
691	1.1
692	16.4
693	2.6
694	27
695	5.8
696	2.2
697	41.5
698	28.1
699	30.6
700	34.9
701	32.1
702	28.5
703	30.7
704	37.8
705	9.5
706	28.5
707	39
708	29.7
709	15.8
710	29.4
711	2.8
712	26.3
713	4.6
714	6.8
715	21.4
716	37.4
717	22.4
718	33.6
719	2.8
720	3.1
721	3.9
722	14.2
723	15.6
724	31.5
725	34.9
726	33.9
727	29.6
728	19
729	4.7
730	35.3
731	18.1
732	28
733	18.5
734	42.6
735	33.9
736	2.9
737	19.7
738	4.8
739	35
740	33.3
741	32.4
742	32.5
743	38.7
744	31.6
745	15.7
746	5
747	33.2
748	22.8
749	40.7
750	29.9
751	32.5
752	29.7
753	3.4
754	3.2
755	25.8
756	35.6
757	17.7
758	31
759	30.4
760	6.2
761	29.5
762	33.1
763	3.1
764	33.6
765	32.1
766	22.9
767	3.6
768	31.2
769	35.5
770	25.3
771	13.5
772	40.3
773	37.9
774	1.5
775	34.1
776	12.7
777	30.3
778	28.9
779	30.9
780	26.3
781	31.3
782	39.1
783	3.6
784	25.9
785	32
786	41.2
787	6.3
788	2.3
789	27.2
790	6.3
791	8.3
792	5
793	34
794	34.3
795	11
796	30.6
797	31.2
798	26.3
799	39.9
800	3.4
801	5.1
802	26.1
803	10.3
804	29.9
805	4.2
806	39.6
807	32.2
808	3.5
809	35.3
810	28.5
811	31.6
812	32.9
813	39.7
814	25.2
815	34.4
816	6.2
817	26.5
818	20.9
819	3.4
820	31.1
821	35.8
822	36.1
823	18.7
824	9.1
825	32.5
826	5.9
827	17
828	41.3
829	31.9
830	25.2
831	30.9
832	9.3
833	17.7
834	35.2
835	3.6
836	4.7
837	32.2
838	29.5
839	7.2
840	33.9
841	35.2
842	5.3
843	31.2
844	3.3
845	35.9
846	26.7
847	4.3
848	33.6
849	34.3
850	44
851	8.9
852	24.9
853	4.8
854	33.7
855	37.6
856	40.8
857	2.3
858	27.7
859	34.6
860	40.6
861	31.6
862	39.8
863	1.2
864	31.9
865	37
866	33.8
867	20.8
868	8.7
869	22.6
870	7.5
871	32
872	36.8
873	16.8
874	8.4
875	13
876	16.2
877	39
878	8.5
879	33.1
880	37
881	33.3
882	27.5
883	5.7
884	22.1
885	32.5
886	29.5
887	21.2
888	16
889	33.1
890	30.8
891	29.5
892	12.5
893	17.8
894	6.2
895	7.9
896	39.8
897	28.9
898	1
899	34.4
900	32.9
901	10.4
902	42.9
903	41.4
904	26.3
905	1.6
906	2.4
907	35.2
908	4.9
909	28
910	30.1
911	34.7
912	3.8
913	30.8
914	32.3
915	23.1
916	32.7
917	3.7
918	34.2
919	34.8
920	18.3
921	18.6
922	39.6
923	35.9
924	13
925	38.2
926	43.6
927	24
928	35.3
929	9.3
930	22.9
931	35.7
932	26.6
933	29.8
934	8.5
935	7.1
936	40.2
937	39.8
938	22.6
939	8.6
940	2.9
941	31
942	32.1
943	31.3
944	27.7
945	38.9
946	9
947	6.6
948	20
949	28.2
950	24.5
951	24.2
952	40.2
953	34.7
954	36.2
955	27.1
956	3.4
957	27
958	16.8
959	29
960	9.4
961	9.3
962	12.6
963	2.7
964	28.9
965	17.2
966	20.5
967	25.6
968	16.5
969	11.5
970	1.6
971	31.3
972	4.3
973	11.1
974	8.8
975	18.8
976	33.5
977	22.1
978	15.6
979	29.3
980	33.4
981	25.4
982	32.6
983	35.9
984	29.5
985	31
986	24.1
987	33.4
988	3.1
989	42
990	32.8
991	2.9
992	3.2
993	34
994	39.8
995	37.7
996	38.4
997	12.8
998	22.7
999	29
1000	36.7
1001	24.9
1002	25.3
1003	9
1004	21.1
1005	21
1006	12.8
1007	4.2
1008	27.1
1009	7.5
1010	28.5
1011	20.5
1012	4.2
1013	9
1014	1.3
1015	33.6
1016	7.6
1017	39.5
1018	21.7
1019	34.5
1020	40.4
1021	27.2
1022	6
1023	42.9
1024	8.7
1025	31
1026	2.7
1027	39.8
1028	37.1
1029	11.2
1030	3.5
1031	33.9
1032	9.5
1033	5.1
1034	12.2
1035	12.2
1036	5.3
1037	36.7
1038	35
1039	34.2
1040	21.4
1041	1.8
1042	35.9
1043	15.8
1044	27.5
1045	28.5
1046	39.4
1047	3.5
1048	18
1049	31.6
1050	38.5
1051	9.7
1052	20.2
1053	32.9
1054	4.6
1055	8.6
1056	14.1
1057	27.4
1058	37.3
1059	35.1
1060	26
1061	42.1
1062	34.5
1063	6.1
1064	41.6
1065	19
1066	4.1
1067	12.2
1068	42.2
1069	19.9
1070	9.9
1071	13.7
1072	30.8
1073	9.4
1074	33.6
1075	14
1076	16.3
1077	20.4
1078	34.3
1079	28.3
1080	31.9
1081	42.4
1082	1.4
1083	22.5
1084	26.7
1085	32.2
1086	31
1087	42.5
1088	37.6
1089	17.6
1090	25
1091	33.5
1092	30.7
1093	23
1094	24.1
1095	32.4
1096	5.6
1097	19.8
1098	29.7
1099	26.9
1100	22.8
1101	5.8
1102	11.7
1103	39
1104	37.9
1105	31.8
1106	16
1107	34.3
1108	9.3
1109	32.2
1110	4.5
1111	35.1
1112	20.3
1113	33.5
1114	30.8
1115	31.3
1116	13.7
1117	5.5
1118	28.5
1119	10.4
1120	5
1121	8.9
1122	2.1
1123	32.5
1124	28.6
1125	35.4
1126	34
1127	9.7
1128	21.4
1129	9.1
1130	34.1
1131	23.4
1132	29.3
1133	40
1134	35.2
1135	14.1
1136	19.9
1137	19
1138	15.3
1139	4.4
1140	38.8
1141	16.2
1142	3.3
1143	26
1144	2.3
1145	25.4
1146	4.2
1147	10.1
1148	7.5
1149	33.7
1150	1.9
1151	4.5
1152	21.1
1153	33
1154	29.4
1155	4.7
1156	8.3
1157	24.1
1158	2.6
1159	3.1
1160	17.4
1161	11
1162	6.2
1163	13.1
1164	38.3
1165	1.2
1166	16.3
1167	31.8
1168	7
1169	19.6
1170	36
1171	39.1
1172	18.3
1173	44.2
1174	36.5
1175	30.6
1176	6.9
1177	19.8
1178	20.5
1179	6.8
1180	27.8
1181	23.8
1182	2.4
1183	9.8
1184	28.7
1185	15.3
1186	32
1187	26.5
1188	40.4
1189	32.7
1190	2
1191	3.2
1192	25.5
1193	28.8
1194	13.2
1195	39.3
1196	1
1197	25.8
1198	25.2
1199	4.5
1200	5.1
1201	41.2
1202	36.8
1203	13.8
1204	36.8
1205	11.9
1206	29.1
1207	37.9
1208	31.6
1209	2.6
1210	38.4
1211	10.8
1212	39.2
1213	32.1
1214	3.1
1215	19.1
1216	36.7
1217	2.1
1218	1.6
1219	20.3
1220	23.7
1221	32.8
1222	31.5
1223	25.7
1224	32.2
1225	5.6
1226	18.8
1227	12.8
1228	7
1229	35.5
1230	11.9
1231	2.5
1232	27
1233	34.6
1234	1
1235	17.6
1236	6.5
1237	23.8
1238	18.6
1239	36.6
1240	5.3
1241	3.2
1242	33.8
1243	29.8
1244	32.5
1245	2.7
1246	31
1247	24
1248	29.8
1249	37.1
1250	42.8
1251	6
1252	14.2
1253	2.7
1254	33.2
1255	5.4
1256	33.7
1257	30.2
1258	34.2
1259	6.1
1260	2.8
1261	21.9
1262	13.5
1263	7.6
1264	19.3
1265	9.6
1266	16.4
1267	15.7
1268	16
1269	18.3
1270	39
1271	7.2
1272	36.6
1273	13.8
1274	21.9
1275	4.5
1276	28.7
1277	26.6
1278	19.5
1279	18.9
1280	27.2
1281	22.7
1282	33.4
1283	1.9
1284	37.6
1285	26.7
1286	35.6
1287	31.8
1288	18.3
1289	40.4
1290	34.7
1291	3.8
1292	9.1
1293	32.3
1294	20.8
1295	30.1
1296	36
1297	22.6
1298	41.4
1299	26.7
1300	22.7
1301	33.2
1302	20.9
1303	34.7
1304	37.8
1305	36.3
1306	29.2
1307	36.6
1308	16.1
1309	2.4
1310	44.4
1311	9.6
1312	2.6
1313	19.6
1314	1.9
1315	38
1316	9
1317	28.5
1318	23.6
1319	28
1320	35.5
1321	12
1322	42.5
1323	3
1324	33.3
1325	26.6
1326	3.9
1327	21.7
1328	30
1329	35.8
1330	37.3
1331	28.8
1332	29.5
1333	5
1334	28.5
1335	3
1336	26.2
1337	11.1
1338	42.9
1339	26.2
1340	34.6
1341	33.3
1342	4.4
1343	30
1344	17.8
1345	36.2
1346	3.7
1347	29.7
1348	31.5
1349	1.5
1350	24
1351	17
1352	12.5
1353	33
1354	30.6
1355	17.4
1356	26
1357	27.7
1358	31.5
1359	42.2
1360	22.4
1361	30.7
1362	32
1363	27.7
1364	35.8
1365	3.1
1366	23.2
1367	16.7
1368	7.9
1369	36
1370	6.6
1371	13.7
1372	23.6
1373	38.9
1374	41.9
1375	3
1376	8.9
1377	34.9
1378	15
1379	40.5
1380	32.5
1381	26.5
1382	14.4
1383	27.6
1384	35.2
1385	25
1386	24.3
1387	26.6
1388	28.9
1389	2.8
1390	33.8
1391	20.5
1392	31.7
1393	7.6
1394	23.6
1395	38.6
1396	13.9
1397	14.7
1398	21.6
1399	24.7
1400	19.5
1401	24.1
1402	27.9
1403	32.6
1404	3.4
1405	38.4
1406	15.5
1407	8.6
1408	6.3
1409	3.2
1410	35
1411	3.6
1412	19.1
1413	21.6
1414	40.3
1415	28
1416	27.1
1417	3
1418	38.1
1419	3.6
1420	28.4
1421	9.2
1422	27.7
1423	29.9
1424	22.3
1425	24.5
1426	32.5
1427	30.8
1428	4.7
1429	1.7
1430	25.2
1431	7.8
1432	34.7
1433	37.1
1434	11.1
1435	29.8
1436	29.3
1437	34.7
1438	9.9
1439	29.8
1440	33.2
1441	34.6
1442	18.1
1443	3.9
1444	11.6
1445	33.5
1446	22.5
1447	22.2
1448	4.1
1449	4.3
1450	20
1451	29.1
1452	6.1
1453	4.3
1454	29.2
1455	31.5
1456	30
1457	27.9
1458	13.8
1459	20.3
1460	12.8
1461	26.8
1462	31.2
1463	30.5
1464	15.6
1465	36.6
1466	23.3
1467	3.3
1468	9.5
1469	17.2
1470	6.1
1471	30.3
1472	11.8
1473	34.8
1474	35.5
1475	8.1
1476	39.8
1477	27.6
1478	28.9
1479	3.4
1480	26.4
1481	16.4
1482	30.9
1483	2.1
1484	9.5
1485	3.3
1486	23.7
1487	27.3
1488	21.8
1489	7.2
1490	28.3
1491	30.5
1492	11.7
1493	12.3
1494	16.3
1495	2.4
1496	6.3
1497	26.8
1498	16.3
1499	8.5
1500	25.3
1501	30.2
1502	22.8
1503	34.1
1504	30.8
1505	35.4
1506	30.8
1507	30.8
1508	2.1
1509	38.8
1510	31.8
1511	18
1512	17.3
1513	29.1
1514	17.1
1515	28.6
1516	31
1517	29.5
1518	27
1519	41.4
1520	33.2
1521	35.7
1522	18.2
1523	25.7
1524	35.4
1525	10.1
1526	20.7
1527	38.8
1528	27.3
1529	7.7
1530	30.2
1531	13.2
1532	4.3
1533	2.4
1534	4.6
1535	28.8
1536	27.4
1537	18
1538	33
1539	38.6
1540	16.4
1541	34
1542	33.8
1543	30.1
1544	13.1
1545	24.8
1546	6
1547	2.1
1548	40.8
1549	9.1
1550	8.2
1551	9.4
1552	37.6
1553	33.1
1554	29.8
1555	27.4
1556	41.8
1557	10.5
1558	7.2
1559	36.1
1560	15.8
1561	22.2
1562	10
1563	39.9
1564	39
1565	23
1566	19
1567	31.7
1568	3.8
1569	7.9
1570	17.9
1571	25.5
1572	32.5
1573	41.3
1574	27.6
1575	33.7
1576	37.3
1577	9.6
1578	1.7
1579	31.3
1580	42.3
1581	3.7
1582	11.7
1583	14.1
1584	19.5
1585	27.4
1586	11.4
1587	4.1
1588	3.7
1589	6.1
1590	28.8
1591	13.1
1592	13.7
1593	25.7
1594	33
1595	15.3
1596	13.1
1597	2.9
1598	33.6
1599	9.5
1600	33.9
1601	15.3
1602	24.1
1603	4.6
1604	32
1605	7.6
1606	31.6
1607	29.1
1608	2.8
1609	27.3
1610	37.5
1611	34
1612	35.1
1613	33.1
1614	19.6
1615	26.9
1616	33.6
1617	28.5
1618	5.1
1619	2.5
1620	34.7
1621	26.3
1622	43.2
1623	20.6
1624	38.1
1625	30
1626	41.7
1627	2.3
1628	20.3
1629	22.7
1630	27.3
1631	2.4
1632	37.9
1633	42
1634	33.2
1635	25.9
1636	30.6
1637	19.3
1638	21.3
1639	20.2
1640	6.3
1641	37.7
1642	29.5
1643	30.6
1644	35.8
1645	29.2
1646	41.4
1647	4.7
1648	25.1
1649	30.6
1650	4.2
1651	2.9
1652	27.6
1653	30.2
1654	25.9
1655	28.2
1656	34.4
1657	43.5
1658	12.9
1659	25.1
1660	33.2
1661	26.3
1662	30.6
1663	3.6
1664	4.8
1665	21.6
1666	28.7
1667	19.5
1668	3.1
1669	36.2
1670	36.3
1671	1.4
1672	1.2
1673	22.3
1674	14.5
1675	2
1676	35.2
1677	22.8
1678	16.2
1679	7.4
1680	38.1
1681	38.5
1682	5.2
1683	4.7
1684	6.4
1685	35.4
1686	23.1
1687	33
1688	26.7
1689	29.9
1690	40
1691	6.3
1692	3.8
1693	34.2
1694	5.3
1695	4
1696	5.7
1697	33.7
1698	34
1699	30.7
1700	36.5
1701	29
1702	29.5
1703	9.1
1704	7.2
1705	33.9
1706	9.2
1707	25.8
1708	25.5
1709	20.5
1710	36.7
1711	33.9
1712	25.9
1713	27
1714	27.3
1715	21.5
1716	29.5
1717	6.8
1718	35.8
1719	27.9
1720	2.6
1721	29.1
1722	31.3
1723	28.3
1724	2.8
1725	19.3
1726	2
1727	26.7
1728	4.5
1729	34.9
1730	3.1
1731	30.7
1732	29.3
1733	22.8
1734	12.2
1735	2.8
1736	37.2
1737	27.1
1738	28.7
1739	37.5
1740	12.7
1741	22.1
1742	6.5
1743	38.9
1744	34
1745	45
1746	39.6
1747	13.9
1748	40.3
1749	28.4
1750	23.1
1751	32.7
1752	16
1753	38.3
1754	32.3
1755	7.3
1756	24
1757	1.4
1758	13.8
1759	17.5
1760	8.7
1761	34.6
1762	35.6
1763	18.4
1764	1.3
1765	29.6
1766	11.5
1767	2.8
1768	27.4
1769	23.7
1770	27.1
1771	12.6
1772	3.2
1773	8.7
1774	8.4
1775	4
1776	34.3
1777	34.6
1778	17.4
1779	7.6
1780	12.9
1781	3.7
1782	27.6
1783	37.6
1784	29.4
1785	30.5
1786	14.5
1787	4.6
1788	4.6
1789	28.6
1790	7.5
1791	19.5
1792	32.1
1793	41.6
1794	1.7
1795	18.7
1796	35.5
1797	26
1798	13.4
1799	24.6
1800	7.9
1801	7.9
1802	34.6
1803	24.5
1804	1.6
1805	2.5
1806	14.2
1807	24.6
1808	30.4
1809	40.1
1810	26.7
1811	5.1
1812	7.5
1813	22.6
1814	20.3
1815	34.2
1816	7.1
1817	26.2
1818	35
1819	27.3
1820	4
1821	29.7
1822	35.2
1823	29.9
1824	13.7
1825	33
1826	11.4
1827	21.4
1828	10.8
1829	4.3
1830	11.3
1831	10
1832	33.8
1833	14.9
1834	2.5
1835	17.6
1836	4.6
1837	32.6
1838	23.7
1839	27.8
1840	4.4
1841	31.5
1842	29.4
1843	22.8
1844	29.4
1845	9.1
1846	20.9
1847	36.1
1848	23.4
1849	36
1850	7.5
1851	13.6
1852	22.9
1853	13.3
1854	2.2
1855	6.5
1856	37.1
1857	7.8
1858	33.6
1859	6
1860	2.4
1861	2.3
1862	20
1863	18.6
1864	29.9
1865	6
1866	6.7
1867	8.9
1868	5.1
1869	26.4
1870	28.9
1871	26.8
1872	16.7
1873	21.5
1874	32.9
1875	38.4
1876	32.8
1877	11
1878	4.9
1879	31.5
1880	36.5
1881	2.8
1882	35.6
1883	40.7
1884	28.3
1885	20.5
1886	27.4
1887	17.3
1888	23.2
1889	17.3
1890	14
1891	2.1
1892	45.4
1893	36.3
1894	16
1895	2.3
1896	15
1897	5.2
1898	16.1
1899	8.6
1900	1.5
1901	2.4
1902	3.1
1903	19.3
1904	9.1
1905	36.2
1906	35.4
1907	30.7
1908	41.2
1909	26.4
1910	4.7
1911	30.4
1912	41.2
1913	30.3
1914	41.5
1915	29.4
1916	38.3
1917	41.5
1918	25.7
1919	5
1920	22
1921	34.9
1922	32.1
1923	3.5
1924	29.5
1925	18.3
1926	37.6
1927	4.5
1928	8.9
1929	8.2
1930	35.5
1931	21.9
1932	3.5
1933	8.1
1934	18.1
1935	16.2
1936	32.6
1937	5.1
1938	36.7
1939	31.2
1940	4.9
1941	12.8
1942	12.1
1943	11.9
1944	30.4
1945	35.5
1946	3
1947	4.1
1948	28.8
1949	33.2
1950	7.8
1951	29.5
1952	26.7
1953	36.7
1954	21.9
1955	28.1
1956	21.2
1957	10.3
1958	37.2
1959	9.5
1960	30.7
1961	32.3
1962	25.2
1963	36
1964	19.9
1965	29.6
1966	31.1
1967	11
1968	19.3
1969	21.5
1970	40.8
1971	36.8
1972	26.9
1973	1.2
1974	27.8
1975	30.7
1976	27.4
1977	10.6
1978	7.9
1979	31.4
1980	33.8
1981	24.8
1982	4.9
1983	14.4
1984	28.3
1985	33
1986	8.7
1987	23.6
1988	27.3
1989	28.1
1990	36.7
1991	31.8
1992	13.8
1993	31.4
1994	7.1
1995	31.7
1996	32.4
1997	30.8
1998	28.8
1999	2.7
2000	28.9
2001	2.6
2002	2.8
2003	41.8
2004	2
2005	22.8
2006	38.4
2007	22.7
2008	32.4
2009	20.3
2010	28.4
2011	25.6
2012	35.7
2013	32.3
2014	7.7
2015	25.7
2016	9.7
2017	2.9
2018	27.2
2019	35.5
2020	29
2021	5.9
2022	28.5
2023	27.4
2024	36.8
2025	8
2026	27.1
2027	34.3
2028	36.5
2029	6.2
2030	21.6
2031	36.7
2032	41.3
2033	4.5
2034	35.5
2035	23.1
2036	9.3
2037	5.4
2038	37.3
2039	3.9
2040	10.1
2041	41.4
2042	37.1
2043	38.3
2044	33.1
2045	15.7
2046	20.9
2047	34.2
2048	40.4
2049	39.6
2050	26.1
2051	34.2
2052	21.7
2053	36.9
2054	32.2
2055	6.4
2056	8
2057	24.1
2058	36.9
2059	28
2060	35.4
2061	26.6
2062	6
2063	21.2
2064	19.5
2065	31.9
2066	36.2
2067	3.1
2068	34.2
2069	3.1
2070	35.1
2071	34.9
2072	3.6
2073	40
2074	35.6
2075	34.3
2076	42.9
2077	27.5
2078	17.3
2079	30
2080	16.5
2081	26
2082	40.9
2083	26.7
2084	32.3
2085	4.8
2086	41.4
2087	3.3
2088	32.3
2089	5.4
2090	6.3
2091	8
2092	8.1
2093	32.4
2094	14.2
2095	18.8
2096	20.4
2097	21.1
2098	24.6
2099	23.2
2100	9.7
2101	25.5
2102	28.4
2103	5.5
2104	26.5
2105	14.2
2106	4.5
2107	4.2
2108	8.9
2109	28.4
2110	36.5
2111	0.7
2112	32.4
2113	9
2114	34.9
2115	31.5
2116	32.1
2117	30.9
2118	2.2
2119	27.4
2120	27.5
2121	2.6
2122	2.2
2123	29.8
2124	34.4
2125	17.8
2126	8.8
2127	12
2128	31.5
2129	37.2
2130	38.5
2131	7.7
2132	8.5
2133	31
2134	36.4
2135	2
2136	17.6
2137	10
2138	20.4
2139	4.1
2140	29.9
2141	35.6
2142	25.2
2143	27.5
2144	29.9
2145	2.8
2146	35
2147	30
2148	2.4
2149	16.5
2150	15.6
2151	28
2152	3.7
2153	12.2
2154	21.9
2155	22.1
2156	3.7
2157	33.7
2158	13
2159	15
2160	19.3
2161	37.9
2162	27.7
2163	27.1
2164	3.8
2165	34.8
2166	3.6
2167	14.7
2168	23.8
2169	2.8
2170	23.2
2171	9.3
2172	11.3
2173	40.8
2174	20.7
2175	9.8
2176	6.1
2177	33
2178	14.9
2179	26.6
2180	9.1
2181	4.1
2182	39.7
2183	16.5
2184	18.7
2185	22.3
2186	36.1
2187	30.5
2188	10.3
2189	3.5
2190	40.4
2191	1.3
2192	12.7
2193	39.6
2194	30.4
2195	36.4
2196	37.2
2197	4.4
2198	22.5
2199	20.9
2200	4.8
2201	2.1
2202	31.9
2203	33.8
2204	3.7
2205	25.3
2206	8.4
2207	33.2
2208	29.8
2209	34.1
2210	29.9
2211	42.1
2212	36.7
2213	10.6
2214	23.8
2215	31.3
2216	35.7
2217	32.5
2218	12.4
2219	35.7
2220	36.3
2221	2.9
2222	30.2
2223	15.9
2224	11.8
2225	2.1
2226	27.5
2227	14.5
2228	27.8
2229	32.7
2230	26.7
2231	3.1
2232	5.7
2233	1
2234	14
2235	13.6
2236	29.9
2237	18.9
2238	23.7
2239	28.4
2240	17.2
2241	3.7
2242	40.9
2243	20.3
2244	37.5
2245	17
2246	30.5
2247	19.9
2248	24.1
2249	11.5
2250	34.9
2251	6.2
2252	24.9
2253	2.5
2254	29
2255	27
2256	14.2
2257	31.6
2258	5.3
2259	40
2260	14.2
2261	3.2
2262	11.4
2263	23.1
2264	33.9
2265	1.7
2266	13.7
2267	18.1
2268	31.4
2269	34
2270	25.5
2271	5
2272	24.3
2273	15.1
2274	18.6
2275	12.4
2276	24.9
2277	5.4
2278	5.4
2279	26.4
2280	31.4
2281	36.7
2282	30
2283	9
2284	30.7
2285	3.7
2286	36.6
2287	36.9
2288	1.9
2289	17.2
2290	9.1
2291	29.9
2292	23.3
2293	35.3
2294	41.8
2295	19.8
2296	25.8
2297	23
2298	34.5
2299	33.4
2300	29.8
2301	30.2
2302	29.8
2303	17.4
2304	23.7
2305	31.2
2306	6.5
2307	6.1
2308	18.1
2309	4.7
2310	14.3
2311	28.4
2312	24.7
2313	7.5
2314	25.8
2315	18.3
2316	8.2
2317	24.6
2318	20
2319	16.6
2320	38.3
2321	19.1
2322	8
2323	5.9
2324	21.6
2325	6.5
2326	4.6
2327	18.2
2328	26.2
2329	37
2330	26.5
2331	12
2332	34.8
2333	26.1
2334	22.5
2335	35
2336	30.8
2337	34.8
2338	21.7
2339	33.2
2340	37.6
2341	32.1
2342	33.2
2343	33.1
2344	2.3
2345	35.1
2346	32.3
2347	27.7
2348	26.5
2349	28.8
2350	34.6
2351	17.9
2352	29.9
2353	10.7
2354	13.1
2355	43
2356	2.4
2357	27.7
2358	27.3
2359	24.3
2360	38.9
2361	2.1
2362	27.7
2363	25.9
2364	43.5
2365	35.1
2366	39.4
2367	34.2
2368	23.1
2369	3
2370	31.6
2371	3.3
2372	11.6
2373	19.4
2374	16.1
2375	16.4
2376	29.6
2377	12.9
2378	15.3
2379	2
2380	22.5
2381	37.2
2382	29.3
2383	7.7
2384	35.1
2385	6.2
2386	35.1
2387	24.8
2388	38
2389	40.9
2390	12.1
2391	40.8
2392	24.1
2393	39.7
2394	8.1
2395	37.4
2396	25.6
2397	4.3
2398	7.9
2399	24.8
2400	38
2401	19.5
2402	6.1
2403	17.8
2404	35.9
2405	31.4
2406	9.1
2407	23.9
2408	27.3
2409	2.9
2410	35.6
2411	29
2412	44.2
2413	31
2414	6.3
2415	16.3
2416	33.6
2417	39
2418	7
2419	16.9
2420	2
2421	39.8
2422	7.4
2423	30.1
2424	28.2
2425	28.2
2426	11.1
2427	31.1
2428	37.9
2429	33.6
2430	3.6
2431	29.1
2432	4.1
2433	7
2434	20.1
2435	18.3
2436	32.2
2437	28
2438	16.7
2439	34.2
2440	29.7
2441	3.3
2442	26.5
2443	30.8
2444	30.7
2445	3.2
2446	41
2447	32.8
2448	28.5
2449	20.5
2450	19.1
2451	4.6
2452	33.2
2453	30.9
2454	35.4
2455	40.1
2456	36.2
2457	27.2
2458	40.6
2459	12.6
2460	27.5
2461	6.9
2462	38
2463	33.8
2464	28.8
2465	39.2
2466	3.8
2467	10.3
2468	31.4
2469	33.6
2470	23.7
2471	29.8
2472	21.2
2473	31.4
2474	25.5
2475	16.3
2476	29.4
2477	21.2
2478	36.2
2479	29.7
2480	14.8
2481	10.7
2482	23
2483	1.4
2484	15.9
2485	35.6
2486	28.1
2487	11
2488	3.1
2489	40.3
2490	30.2
2491	11.7
2492	3.5
2493	4.3
2494	22.8
2495	2.3
2496	13.2
2497	40.7
2498	6.3
2499	21.7
2500	1.7
2501	13.9
2502	24.9
2503	24.9
2504	36.9
2505	12.1
2506	46.5
2507	28.7
2508	31.6
2509	3.5
2510	34.3
2511	27.1
2512	37.1
2513	4.6
2514	30.7
2515	2.6
2516	26.9
2517	33.9
2518	42.6
2519	7.6
2520	36.3
2521	3.9
2522	11.5
2523	33.3
2524	28.4
2525	33.7
2526	37.1
2527	39.3
2528	33
2529	37.9
2530	3.7
2531	23.6
2532	35.4
2533	36.3
2534	23.1
2535	27.6
2536	20.4
2537	32.2
2538	15.2
2539	36.3
2540	5
2541	26.1
2542	5.7
2543	39.2
2544	25.3
2545	2.4
2546	38.3
2547	33.8
2548	24
2549	33.1
2550	10.3
2551	33.5
2552	35.4
2553	26.6
2554	39.5
2555	34.6
2556	37.5
2557	24.2
2558	45.3
2559	5.7
2560	31.4
2561	23.6
2562	31.8
2563	8.7
2564	4.4
2565	5.5
2566	5.2
2567	23.4
2568	31.1
2569	4.5
2570	35.6
2571	3.2
2572	35.4
2573	8.3
2574	15.4
2575	24.4
2576	6.4
2577	35.3
2578	1.7
2579	2.9
2580	14.3
2581	15.9
2582	5.2
2583	2.8
2584	9
2585	6.5
2586	19.7
2587	3.8
2588	30.4
2589	14.5
2590	5.1
2591	37.2
2592	8.2
2593	27.5
2594	36.4
2595	30.7
2596	28.3
2597	36.4
2598	21.7
2599	29.2
2600	26.8
2601	26.3
2602	13.7
2603	34
2604	21
2605	43.5
2606	9.1
2607	28.3
2608	28.6
2609	25
2610	41.4
2611	25.7
2612	42.1
2613	36.7
2614	29.1
2615	8.2
2616	22.2
2617	15.3
2618	17.1
2619	35.9
2620	1.2
2621	28.1
2622	2.7
2623	11.2
2624	7.4
2625	24.8
2626	39.4
2627	40.1
2628	23.2
2629	28.6
2630	16.5
2631	39.9
2632	15.7
2633	32.8
2634	9.7
2635	18.6
2636	17.3
2637	37.2
2638	18.6
2639	41.1
2640	32.9
2641	15.8
2642	6.9
2643	13.9
2644	19.7
2645	29.3
2646	6.3
2647	27.7
2648	27.7
2649	36.7
2650	30.2
2651	20.2
2652	42.8
2653	20.4
2654	32.6
2655	23.4
2656	33.5
2657	9.5
2658	26.7
2659	39.9
2660	9.1
2661	35.7
2662	20
2663	10.7
2664	30.8
2665	37.1
2666	26.6
2667	13.2
2668	22.8
2669	5.4
2670	41.3
2671	26.7
2672	17.3
2673	29.5
2674	35.6
2675	33.1
2676	3.4
2677	10
2678	21.8
2679	40.3
2680	5.6
2681	7.3
2682	36.6
2683	25.8
2684	11.8
2685	22.4
2686	2.3
2687	19.6
2688	3.3
2689	36.1
2690	3.8
2691	24.4
2692	31.6
2693	35.8
2694	12.7
2695	10.5
2696	29.6
2697	33.9
2698	20.3
2699	9
2700	38.9
2701	15.4
2702	40.3
2703	27.1
2704	40.1
2705	8.5
2706	35.3
2707	4.1
2708	29.9
2709	31.6
2710	2.8
2711	12.1
2712	19.5
2713	29.9
2714	3.8
2715	33
2716	30.4
2717	8.9
2718	3.9
2719	6.2
2720	31.4
2721	37.5
2722	2.1
2723	15.9
2724	39.5
2725	15.7
2726	34.9
2727	31.4
2728	39.1
2729	17
2730	2.9
2731	16.1
2732	25.5
2733	38.9
2734	10.2
2735	2.5
2736	35.2
2737	33.7
2738	2.8
2739	2.8
2740	3.7
2741	27.3
2742	5
2743	30.8
2744	31
2745	3.9
2746	29.3
2747	14
2748	42.5
2749	29.2
2750	33.5
2751	13.7
2752	33.4
2753	36.7
2754	29.2
2755	20.2
2756	2.5
2757	28.9
2758	11.9
2759	28.3
2760	23.9
2761	6.4
2762	24.4
2763	12.6
2764	6.4
2765	30.5
2766	37.2
2767	6.9
2768	37.5
2769	15
2770	27.4
2771	35.6
2772	34.7
2773	39.2
2774	12.9
2775	9.2
2776	3.9
2777	38.1
2778	18.3
2779	11.6
2780	34.3
2781	22.8
2782	3.4
2783	2.9
2784	19.6
2785	41.6
2786	27.9
2787	36.2
2788	20.7
2789	36.1
2790	8.3
2791	3.9
2792	34.9
2793	26
2794	31.9
2795	26.6
2796	22.9
2797	36.7
2798	36.5
2799	30
2800	29.8
2801	7.1
2802	35.8
2803	28
2804	13.9
2805	24.7
2806	3.4
2807	19
2808	41.2
2809	9.4
2810	31.9
2811	32
2812	30.9
2813	25.6
2814	5.5
2815	10.5
2816	29.1
2817	30
2818	38.2
2819	33.7
2820	28.3
2821	32.1
2822	21.2
2823	21.5
2824	5.4
2825	39.5
2826	15.9
2827	30.8
2828	37.5
2829	2.8
2830	29.4
2831	38.9
2832	26.5
2833	19
2834	15.3
2835	34.7
2836	16.1
2837	32.8
2838	23.3
2839	35
2840	11.1
2841	24.3
2842	32.1
2843	34.2
2844	35.3
2845	26.4
2846	3.6
2847	40
2848	2.9
2849	35.8
2850	22.3
2851	24.6
2852	6.1
2853	28.9
2854	4.9
2855	28.9
2856	25.7
2857	24.6
2858	22
2859	12.9
2860	35.4
2861	35.8
2862	38.7
2863	30.7
2864	33.8
2865	19.9
2866	29.4
2867	16.3
2868	31.4
2869	34.6
2870	30.2
2871	3.1
2872	32.5
2873	37.5
2874	2
2875	34.9
2876	8.7
2877	5.4
2878	5.8
2879	28.6
2880	27.9
2881	35.7
2882	26.5
2883	30.2
2884	32.2
2885	28.7
2886	28.5
2887	3.3
2888	40.4
2889	0.6
2890	42.6
2891	10.5
2892	28.3
2893	27.1
2894	31.2
2895	31.5
2896	30.3
2897	42
2898	2.4
2899	3.2
2900	34.5
2901	31.1
2902	26.3
2903	31.1
2904	33.7
2905	26.2
2906	12.4
2907	25.9
2908	39
2909	17.1
2910	26.4
2911	19.2
2912	4
2913	38.1
2914	18.2
2915	6.4
2916	9.7
2917	36.6
2918	21
2919	26.2
2920	36.2
2921	35.5
2922	2.4
2923	38.1
2924	3.1
2925	27.3
2926	34.7
2927	31.1
2928	5.6
2929	41.9
2930	13.6
2931	33
2932	20.4
2933	4.2
2934	12.4
2935	5
2936	1.5
2937	31.4
2938	33.7
2939	21.5
2940	38.6
2941	20.9
2942	36.8
2943	29.8
2944	40.6
2945	40.8
2946	12
2947	30.6
2948	26.6
2949	24
2950	26.2
2951	8.6
2952	29.1
2953	29.5
2954	23.7
2955	1.8
2956	33.6
2957	37.5
2958	4
2959	32.1
2960	16.4
2961	33.8
2962	36.7
2963	3.4
2964	31.7
2965	3.3
2966	32.1
2967	21.9
2968	1.7
2969	8.4
2970	30.1
2971	29
2972	16.2
2973	36.9
2974	24.8
2975	16.4
2976	17.4
2977	28.2
2978	32.6
2979	27.7
2980	29.5
2981	22.3
2982	34.7
2983	24.5
2984	39.2
2985	25.9
2986	33.8
2987	39.8
2988	5.5
2989	17.9
2990	21.2
2991	18
2992	38.3
2993	36.9
2994	28.3
2995	31.1
2996	30.4
2997	7.3
2998	32.7
2999	20.3
3000	33.4
3001	15.7
3002	32.8
3003	34.6
3004	30.6
3005	12.7
3006	29.9
3007	28.4
3008	24.3
3009	14.6
3010	30.4
3011	39.3
3012	11.4
3013	35.8
3014	26.9
3015	37.1
3016	12.3
3017	28.7
3018	31
3019	3.7
3020	25.5
3021	21.5
3022	33.1
3023	36.2
3024	4.2
3025	6.4
3026	30.5
3027	32.2
3028	5.8
3029	16.7
3030	31.8
3031	35.9
3032	6.1
3033	42.7
3034	2.7
3035	24.8
3036	40.2
3037	18.4
3038	29.8
3039	2.4
3040	18.6
3041	28.9
3042	31.6
3043	10.6
3044	25.5
3045	7.9
3046	33.8
3047	21.2
3048	26.7
3049	18.3
3050	13.3
3051	19.4
3052	28
3053	22.6
3054	32.2
3055	29.8
3056	40.3
3057	27.4
3058	37.2
3059	36.7
3060	22
3061	39.4
3062	37.4
3063	11.2
3064	34.3
3065	37
3066	8.1
3067	26.6
3068	38.3
3069	17.2
3070	36
3071	3.9
3072	27
3073	31.7
3074	18.3
3075	5.6
3076	30.1
3077	4.6
3078	21
3079	4.1
3080	24.5
3081	29.5
3082	2.1
3083	35.6
3084	15.2
3085	18.9
3086	44.4
3087	26.5
3088	32.7
3089	2.9
3090	38.9
3091	35.9
3092	35.5
3093	2
3094	42.6
3095	15.2
3096	32.6
3097	34.8
3098	4.7
3099	26.1
3100	40.4
3101	18.1
3102	3.1
3103	9
3104	9.8
3105	13.2
3106	36.4
3107	7.8
3108	43
3109	27.9
3110	20.1
3111	5.7
3112	33.6
3113	27
3114	34.1
3115	1.9
3116	30
3117	27.7
3118	20.2
3119	32.9
3120	20.6
3121	39.2
3122	30.7
3123	17.2
3124	1.7
3125	10.2
3126	13.1
3127	40.1
3128	39.6
3129	30.6
3130	27.8
3131	26.9
3132	32.9
3133	39.8
3134	14.3
3135	24.6
3136	35.2
3137	3
3138	0.7
3139	38.1
3140	4.2
3141	7.1
3142	32.4
3143	8.8
3144	38
3145	25.9
3146	32.8
3147	16
3148	31.4
3149	35.7
3150	32.3
3151	17.6
3152	2.8
3153	25.3
3154	27.8
3155	33.9
3156	31.7
3157	30.7
3158	12.6
3159	35.1
3160	6.7
3161	24.3
3162	37.1
3163	37.1
3164	30.9
3165	16.5
3166	23.6
3167	30.4
3168	29.3
3169	17.8
3170	40.5
3171	33.2
3172	32.7
3173	3.4
3174	4.3
3175	34.9
3176	18.1
3177	11.5
3178	12.5
3179	3.3
3180	2.8
3181	19.2
3182	2.3
3183	30
3184	35.3
3185	7.8
3186	24.8
3187	27.8
3188	35.7
3189	34.2
3190	33.5
3191	28.2
3192	41.9
3193	28.2
3194	44.4
3195	31.2
3196	3.9
3197	28.4
3198	2.4
3199	5.5
3200	33.9
3201	3.2
3202	39.2
3203	5.3
3204	4.4
3205	29.2
3206	36.2
3207	14
3208	2.4
3209	37.5
3210	31.4
3211	8.1
3212	9.4
3213	33.2
3214	10.6
3215	30.7
3216	37.7
3217	7.6
3218	30.2
3219	30
3220	34.1
3221	30.2
3222	18.3
3223	18
3224	12.9
3225	2.4
3226	7.3
3227	31.6
3228	3.3
3229	32.2
3230	34.8
3231	2.9
3232	1.9
3233	39.2
3234	14.8
3235	33.4
3236	24.2
3237	7.2
3238	33.6
3239	34.6
3240	18.4
3241	36.4
3242	31.3
3243	9.3
3244	34.1
3245	33.3
3246	26.1
3247	8.8
3248	27.9
3249	7.9
3250	33.7
3251	25.9
3252	42.5
3253	29.2
3254	1.3
3255	22.8
3256	33.4
3257	21.9
3258	7.5
3259	27.1
3260	6
3261	34.7
3262	10.3
3263	1.8
3264	35.9
3265	32.8
3266	10.7
3267	33.7
3268	36.8
3269	15
3270	33.5
3271	30.3
3272	30.4
3273	35.2
3274	35.8
3275	20.5
3276	2.3
3277	20.2
3278	36.5
3279	35.8
3280	38.8
3281	16.5
3282	14.3
3283	32.6
3284	20.4
3285	41.4
3286	22.5
3287	3.2
3288	4.3
3289	35.5
3290	8.7
3291	4.5
3292	27.7
3293	4.7
3294	40.4
3295	17.7
3296	27.6
3297	18.8
3298	34.6
3299	36.5
3300	29
3301	24.3
3302	37.7
3303	4.3
3304	11.7
3305	6
3306	9.5
3307	34.9
3308	33.1
3309	26.9
3310	26.6
3311	20.3
3312	33.1
3313	32
3314	3.5
3315	5.9
3316	10.4
3317	32.9
3318	44.6
3319	21.7
3320	22.9
3321	10.2
3322	23.2
3323	35
3324	12.8
3325	6.1
3326	40.8
3327	39.3
3328	16.1
3329	5.4
3330	34.2
3331	10.1
3332	3.8
3333	25.7
3334	20.2
3335	13.2
3336	8.7
3337	18.7
3338	23.8
3339	27.4
3340	7
3341	17.3
3342	23.2
3343	39.9
3344	17.3
3345	8.1
3346	3.9
3347	3.6
3348	28
3349	24.7
3350	26.4
3351	27.3
3352	19.9
3353	2.3
3354	18
3355	13.1
3356	4.8
3357	3.4
3358	44.2
3359	3.6
3360	8.7
3361	30.5
3362	35.6
3363	34.8
3364	6.4
3365	26.9
3366	15.7
3367	22.1
3368	44.8
3369	6.4
3370	15.7
3371	20.5
3372	42
3373	33.7
3374	33.1
3375	34
3376	17
3377	43.8
3378	2.4
3379	33.3
3380	10.7
3381	2.5
3382	35.2
3383	22.2
3384	44.5
3385	15.5
3386	7.4
3387	27.6
3388	27.3
3389	8.8
3390	41.9
3391	20.2
3392	13.6
3393	22.4
3394	30
3395	11.7
3396	19.8
3397	28.9
3398	15
3399	35.3
3400	30.1
3401	18.5
3402	38.3
3403	4.6
3404	9.2
3405	28.1
3406	2.6
3407	31.1
3408	33.5
3409	29.5
3410	43.6
3411	36.4
3412	4.5
3413	9.9
3414	25.9
3415	34.4
3416	32.4
3417	7.4
3418	22.8
3419	26.1
3420	11.3
3421	11.8
3422	30.4
3423	28.3
3424	33.8
3425	1.4
3426	4.4
3427	1.2
3428	1.7
3429	11.7
3430	2.1
3431	1.9
3432	5.6
3433	30.7
3434	10.6
3435	28.9
3436	38.3
3437	30.1
3438	33.4
3439	37.8
3440	31.9
3441	28.4
3442	32.9
3443	8.5
3444	28.3
3445	32.5
3446	19.3
3447	34.5
3448	27.7
3449	7.1
3450	27.7
3451	34.7
3452	33.4
3453	23.7
3454	9.4
3455	13.1
3456	35.9
3457	24.2
3458	29.9
3459	23.8
3460	5
3461	8.6
3462	3.9
3463	30
3464	39.8
3465	38.6
3466	20.7
3467	12.1
3468	4.1
3469	26.3
3470	8.4
3471	7.6
3472	21
3473	6.6
3474	4.7
3475	29.7
3476	18
3477	2.7
3478	21.3
3479	4.2
3480	17
3481	37.9
3482	27.3
3483	39.9
3484	2.4
3485	36.9
3486	17.3
3487	29.7
3488	10.4
3489	9.3
3490	1.3
3491	7.9
3492	11
3493	26.7
3494	22.5
3495	33.9
3496	23.8
3497	35.1
3498	33.3
3499	39.1
3500	5.8
3501	17.9
3502	27.2
3503	5.7
3504	15.1
3505	35
3506	42.7
3507	36.5
3508	22.3
3509	24.3
3510	33.7
3511	27.3
3512	35.1
3513	12.4
3514	9.3
3515	34.4
3516	8.6
3517	16
3518	11
3519	18.5
3520	3
3521	32.4
3522	19.6
3523	14.6
3524	3.3
3525	31.4
3526	15.5
3527	8.4
3528	4
3529	27.1
3530	21.5
3531	7.6
3532	37.5
3533	25.5
3534	35.9
3535	4.4
3536	12.1
3537	23.8
3538	19.1
3539	27.6
3540	33.1
3541	26.3
3542	17.6
3543	24.8
3544	5.3
3545	33.1
3546	35.3
3547	6.5
3548	40.3
3549	45.8
3550	17.5
3551	24.4
3552	8
3553	35.3
3554	36.1
3555	26.1
3556	19.7
3557	39.9
3558	31.6
3559	19.8
3560	10.8
3561	4.6
3562	10.6
3563	22.2
3564	20.2
3565	23
3566	2
3567	5
3568	8.5
3569	3.8
3570	10.7
3571	28.8
3572	11.8
3573	28.5
3574	33.2
3575	27.7
3576	33.2
3577	41.5
3578	28.6
3579	33.8
3580	37.8
3581	37.7
3582	21.3
3583	16.6
3584	15.7
3585	31.3
3586	4.9
3587	4.7
3588	35
3589	35.7
3590	26.2
3591	29.4
3592	5.1
3593	6.4
3594	32.7
3595	18.9
3596	34.5
3597	29.6
3598	22.4
3599	28.2
3600	31.7
3601	31.2
3602	2.2
3603	10.7
3604	35
3605	17.8
3606	43.1
3607	3.6
3608	31.4
3609	36.1
3610	6.7
3611	1.9
3612	33.9
3613	1.7
3614	34.5
3615	34.6
3616	26.4
3617	34.7
3618	15.4
3619	3.7
3620	9.4
3621	12.6
3622	22.8
3623	38
3624	2.4
3625	35.7
3626	31.8
3627	4.5
3628	35.1
3629	36.9
3630	2.5
3631	32.5
3632	24.8
3633	30.8
3634	34.3
3635	30.2
3636	29.3
3637	37.4
3638	8
3639	33.7
3640	26
3641	10.3
3642	3.9
3643	13.4
3644	29.1
3645	11.2
3646	33.8
3647	17
3648	26.8
3649	2.3
3650	21.5
3651	40.8
3652	28
3653	36.8
3654	29
3655	34.1
3656	5.3
3657	34.7
3658	22.6
3659	7.1
3660	6.8
3661	34.9
3662	5.5
3663	17.8
3664	33.8
3665	15.3
3666	22.2
3667	18.9
3668	31.8
3669	29.4
3670	27.4
3671	37.6
3672	34.2
3673	3.5
3674	41.9
3675	8.4
3676	33.5
3677	35.2
3678	3.2
3679	28.7
3680	16.2
3681	5.7
3682	26.6
3683	12.6
3684	20.8
3685	2.3
3686	4.3
3687	35.6
3688	37.6
3689	30.3
3690	21.4
3691	29.3
3692	5.8
3693	28.9
3694	27.1
3695	37.3
3696	4.8
3697	32.5
3698	4.8
3699	39.1
3700	20.8
3701	30.1
3702	41
3703	38.9
3704	35.5
3705	27.3
3706	5.7
3707	35.5
3708	5.7
3709	28.4
3710	12.9
3711	32.1
3712	4
3713	33.4
3714	4.4
3715	31.5
3716	4.4
3717	36.8
3718	33.8
3719	35.5
3720	25.6
3721	33.1
3722	4
3723	32.4
3724	18.3
3725	30
3726	10
3727	42.7
3728	12
3729	3
3730	16.8
3731	29.9
3732	26.1
3733	31.9
3734	5.8
3735	15.6
3736	1.5
3737	26.1
3738	7.4
3739	12
3740	4.2
3741	24.7
3742	4.5
3743	22
3744	30.8
3745	27.2
3746	32.5
3747	19.1
3748	28.1
3749	13.3
3750	24.2
3751	6.6
3752	2.3
3753	5.1
3754	29.5
3755	15.1
3756	32.4
3757	31.6
3758	33.8
3759	33.2
3760	26.8
3761	35.1
3762	19.4
3763	28
3764	33.4
3765	35.3
3766	17.5
3767	12.9
3768	27.6
3769	13.3
3770	3.9
3771	35.5
3772	38.8
3773	24.3
3774	26.8
3775	28.5
3776	2.1
3777	12
3778	36.3
3779	6.7
3780	36.4
3781	19.7
3782	31.1
3783	7.9
3784	38.4
3785	18.5
3786	12
3787	9.9
3788	29
3789	20.7
3790	25.8
3791	43.2
3792	2.2
3793	3.4
3794	12.2
3795	33.9
3796	21.4
3797	24.6
3798	11.3
3799	3.6
3800	38.2
3801	12
3802	8.8
3803	31.7
3804	26.5
3805	32.9
3806	16.9
3807	20.4
3808	10.6
3809	38.8
3810	22.1
3811	5.7
3812	30.6
3813	17
3814	30.9
3815	32.6
3816	29
3817	24.5
3818	9
3819	2.9
3820	31
3821	32.7
3822	2.4
3823	19
3824	34.7
3825	18.5
3826	22.3
3827	17.7
3828	34.8
3829	35.8
3830	20.2
3831	23
3832	39
3833	33.7
3834	32.8
3835	18.7
3836	15.3
3837	33.9
3838	38.4
3839	2.1
3840	17.7
3841	4.4
3842	12.1
3843	29
3844	1.2
3845	17.5
3846	37.5
3847	19
3848	20.2
3849	38.2
3850	24.5
3851	32.7
3852	18.8
3853	32.1
3854	39
3855	7.5
3856	4.7
3857	32.5
3858	10.9
3859	31
3860	7.9
3861	43.1
3862	3.6
3863	29.6
3864	33.9
3865	31.5
3866	30.2
3867	12.4
3868	1.9
3869	1.8
3870	25.5
3871	2.6
3872	3.3
3873	33.6
3874	7.4
3875	3
3876	37.7
3877	14.1
3878	21.9
3879	18.9
3880	20
3881	32
3882	17
3883	32.8
3884	29.1
3885	32.3
3886	37.8
3887	19.4
3888	27.2
3889	28.4
3890	25.9
3891	3
3892	14.2
3893	2.9
3894	39.2
3895	14.5
3896	15.2
3897	33.6
3898	25.3
3899	1.9
3900	2.8
3901	36.3
3902	4.1
3903	22
3904	6.9
3905	9.2
3906	6.6
3907	17.5
3908	29
3909	30.8
3910	33.9
3911	1.9
3912	3.7
3913	31.1
3914	28
3915	7.7
3916	12.8
3917	25.2
3918	5.7
3919	31.1
3920	26.7
3921	34.9
3922	11.9
3923	34.9
3924	16
3925	5.6
3926	33.1
3927	26.4
3928	11.7
3929	8.2
3930	13
3931	6.7
3932	9.7
3933	34.5
3934	32.1
3935	12.7
3936	16.3
3937	19.6
3938	25.4
3939	37.5
3940	27
3941	8.4
3942	4.2
3943	3.3
3944	5.4
3945	31.7
3946	8.9
3947	9.1
3948	26.8
3949	20
3950	21.6
3951	32
3952	35.2
3953	3
3954	32.6
3955	8.9
3956	39.5
3957	19.6
3958	30.4
3959	20.8
3960	34.6
3961	29.6
3962	27
3963	28.4
3964	18.2
3965	6
3966	28.6
3967	32.1
3968	40
3969	39.8
3970	32.3
3971	41.3
3972	27.1
3973	29.5
3974	12.7
3975	4
3976	26.9
3977	35.1
3978	16.8
3979	35.8
3980	34.3
3981	4.5
3982	7.9
3983	33.3
3984	22.9
3985	10.8
3986	1.6
3987	30.9
3988	36.6
3989	2.4
3990	32.2
3991	22.7
3992	27.5
3993	36.4
3994	18.6
3995	34.3
3996	32.5
3997	37.1
3998	36.7
3999	28.1
4000	3.5
4001	21.2
4002	27.8
4003	34.9
4004	23.3
4005	32
4006	32.6
4007	5.8
4008	4.8
4009	34.3
4010	18.1
4011	36.1
4012	36.9
4013	3.7
4014	16.7
4015	41.6
4016	10.6
4017	11.9
4018	7.3
4019	8.2
4020	29.9
4021	12
4022	16.6
4023	29.3
4024	12.3
4025	20.3
4026	32.2
4027	13.2
4028	4.8
4029	5.3
4030	2.6
4031	25.2
4032	23.4
4033	9.1
4034	42.1
4035	19.8
4036	2.2
4037	29.3
4038	9.3
4039	11.2
4040	14.7
4041	11.1
4042	10.3
4043	39.8
4044	5.9
4045	26.1
4046	20.5
4047	40.7
4048	19.9
4049	36.9
4050	14.1
4051	4.1
4052	16.2
4053	29.5
4054	35.1
4055	8
4056	12.7
4057	5
4058	19.7
4059	9.6
4060	5.2
4061	7.9
4062	13.6
4063	40.5
4064	34.6
4065	39.3
4066	30.5
4067	20.2
4068	2.8
4069	34.5
4070	6.4
4071	37.6
4072	5.2
4073	12.7
4074	20.2
4075	4
4076	16.7
4077	31
4078	24.3
4079	29.6
4080	29.1
4081	28.3
4082	32.2
4083	2.9
4084	32.4
4085	26.9
4086	17.9
4087	18.1
4088	33.7
4089	43.3
4090	34.2
4091	37.9
4092	16.7
4093	34.4
4094	9.7
4095	15.6
4096	35.6
4097	16.8
4098	3.5
4099	27.9
4100	27.3
4101	1.5
4102	29.8
4103	33.1
4104	36.2
4105	9.7
4106	24.3
4107	2.4
4108	13.1
4109	4.5
4110	33.5
4111	38.2
4112	29.9
4113	35.7
4114	36.9
4115	38.3
4116	34.1
4117	1.5
4118	6.1
4119	5.5
4120	29.3
4121	32.3
4122	33.8
4123	28
4124	35.4
4125	34.8
4126	21
4127	3.2
4128	23
4129	28.1
4130	5.9
4131	4
4132	28.4
4133	13.4
4134	2.1
4135	32.5
4136	19.3
4137	37.1
4138	6.4
4139	31.6
4140	17.7
4141	31
4142	16.3
4143	6.7
4144	15.1
4145	10.1
4146	18
4147	21.3
4148	31.3
4149	30.1
4150	5.1
4151	35.2
4152	35.6
4153	14
4154	1.3
4155	1.8
4156	30.8
4157	25.3
4158	4.5
4159	6.5
4160	21.3
4161	36.6
4162	7.6
4163	14.4
4164	11.4
4165	33.9
4166	34.2
4167	33.2
4168	7.8
4169	18.6
4170	38.3
4171	37.6
4172	25.7
4173	27.4
4174	24.5
4175	27.9
4176	41.7
4177	30.6
4178	33.7
4179	12.2
4180	26.2
4181	2.6
4182	39.1
4183	19.2
4184	22.6
4185	33.2
4186	2.9
4187	29.9
4188	16.6
4189	25.6
4190	15.8
4191	19.2
4192	3.3
4193	26
4194	28.4
4195	21.2
4196	29.1
4197	37.5
4198	29.9
4199	3.9
4200	11.7
4201	29.1
4202	44.9
4203	41.9
4204	28.7
4205	34.3
4206	32
4207	29.1
4208	28
4209	27.6
4210	37.9
4211	12.1
4212	24.7
4213	34.7
4214	17.1
4215	23.7
4216	17.3
4217	16.3
4218	40.2
4219	35.5
4220	14.6
4221	42.1
4222	23.5
4223	37.2
4224	36.3
4225	4.3
4226	1.9
4227	12.2
4228	18
4229	34.7
4230	31.4
4231	27.8
4232	21.9
4233	19.8
4234	20.1
4235	32
4236	15.7
4237	37.6
4238	31.4
4239	39.4
4240	33.2
4241	27.3
4242	31.5
4243	1.7
4244	12.9
4245	15.1
4246	3.1
4247	24.3
4248	20.3
4249	32.2
4250	13.8
4251	25.9
4252	37.8
4253	18.7
4254	28.7
4255	35.7
4256	21.2
4257	7.3
4258	26.3
4259	34.4
4260	30.4
4261	21
4262	29.2
4263	5.5
4264	40.4
4265	26.4
4266	16.7
4267	8.2
4268	26.6
4269	37
4270	27.7
4271	24.6
4272	2.2
4273	25
4274	29.6
4275	19.8
4276	37.7
4277	18.9
4278	37.6
4279	26.7
4280	28.1
4281	36.8
4282	31.2
4283	39.1
4284	5.8
4285	5.4
4286	1.8
4287	15.1
4288	23.8
4289	13.1
4290	30.1
4291	26.6
4292	32.8
4293	23.4
4294	32
4295	2.9
4296	19.3
4297	30
4298	8.3
4299	27.1
4300	32.3
4301	25.1
4302	32.2
4303	0.8
4304	5.2
4305	27.7
4306	38.7
4307	6.8
4308	30.9
4309	31.8
4310	2.3
4311	26.7
4312	31.2
4313	30.8
4314	20.7
4315	39.6
4316	25.5
4317	30
4318	34.5
4319	38.2
4320	11.7
4321	16.1
4322	26.7
4323	26.2
4324	32.3
4325	15.6
4326	3.3
4327	14.9
4328	3.5
4329	4.7
4330	8.6
4331	2.9
4332	26.5
4333	5.6
4334	30.1
4335	32.3
4336	4.4
4337	6.6
4338	35.5
4339	8.4
4340	10.5
4341	30
4342	9.8
4343	12.7
4344	34.3
4345	24
4346	9.8
4347	23
4348	6.2
4349	23
4350	24.3
4351	38.7
4352	10.4
4353	32.3
4354	26.8
4355	12.8
4356	34.4
4357	13.6
4358	15.5
4359	6.9
4360	36.3
4361	22.1
4362	38.4
4363	31.1
4364	9.3
4365	4.9
4366	3.4
4367	17
4368	13.3
4369	29.6
4370	37.5
4371	31
4372	40.2
4373	8.1
4374	34.4
4375	20.5
4376	31.7
4377	23.8
4378	37.2
4379	22.4
4380	36.1
4381	24.4
4382	31.9
4383	42
4384	25.6
4385	5.8
4386	25
4387	40
4388	38.9
4389	40.6
4390	3.3
4391	35.4
4392	36.1
4393	18.2
4394	36
4395	27.5
4396	19.4
4397	20.2
4398	30.1
4399	24.1
4400	8.6
4401	9
4402	29.9
4403	24.8
4404	38.3
4405	35.7
4406	33.4
4407	23.8
4408	25.1
4409	31.3
4410	33.6
4411	32.6
4412	27.3
4413	37.3
4414	13
4415	16.6
4416	25.1
4417	32.8
4418	32.4
4419	36.8
4420	30.8
4421	31.5
4422	35.7
4423	18.9
4424	2
4425	33.5
4426	15.6
4427	15.6
4428	4
4429	33.3
4430	34.1
4431	4.2
4432	36.7
4433	39.5
4434	23.3
4435	2.8
4436	10
4437	41.1
4438	30.3
4439	28.4
4440	7.5
4441	22.1
4442	2.5
4443	4.7
4444	38.2
4445	39.8
4446	3.6
4447	33.4
4448	39.7
4449	3.6
4450	4.8
4451	24.6
4452	12.5
4453	31.3
4454	30.7
4455	35.6
4456	11.5
4457	37.2
4458	37.4
4459	16.8
4460	23.6
4461	40.4
4462	27.5
4463	36.1
4464	7.2
4465	10.7
4466	41.2
4467	2.4
4468	34.3
4469	20.7
4470	37.4
4471	27.8
4472	34.5
4473	43
4474	1.8
4475	31.1
4476	34
4477	34.1
4478	42.6
4479	29.8
4480	34.7
4481	9.2
4482	33.3
4483	32.4
4484	6
4485	36.6
4486	33
4487	42.8
4488	25
4489	31.4
4490	34.4
4491	2.5
4492	7.8
4493	5.9
4494	28.2
4495	35.2
4496	17.8
4497	35.4
4498	5.6
4499	25.8
4500	34.7
4501	31.9
4502	9.6
4503	5.6
4504	16
4505	27.8
4506	23.9
4507	16.8
4508	21.7
4509	10.8
4510	22.5
4511	37.5
4512	36.4
4513	25.5
4514	2.3
4515	32.8
4516	22.4
4517	13
4518	35.1
4519	27.4
4520	20.6
4521	24.4
4522	2.1
4523	32.1
4524	35
4525	31.4
4526	8.5
4527	19.8
4528	2.2
4529	16.2
4530	20.3
4531	28.8
4532	2.5
4533	20.5
4534	31.4
4535	35.3
4536	33.2
4537	1.7
4538	36
4539	28.6
4540	34.7
4541	27.8
4542	4.2
4543	43.9
4544	5.2
4545	35
4546	30.7
4547	41.3
4548	30.5
4549	29
4550	3.9
4551	4.7
4552	27.1
4553	21.2
4554	24.8
4555	39.1
4556	34.6
4557	34.9
4558	23.8
4559	23.3
4560	29.1
4561	37.6
4562	7.6
4563	11.3
4564	19.5
4565	3.1
4566	30.6
4567	34.4
4568	36
4569	29.3
4570	32.2
4571	27.3
4572	2
4573	31.4
4574	37.3
4575	1.8
4576	45.1
4577	34.5
4578	31.5
4579	13.6
4580	13.4
4581	35.3
4582	21
4583	28.1
4584	27
4585	31.2
4586	2.4
4587	34.8
4588	29.6
4589	3.7
4590	9.3
4591	7.4
4592	17.3
4593	37.6
4594	29.6
4595	34.1
4596	38.7
4597	21.3
4598	36.1
4599	3
4600	27.6
4601	39.6
4602	37.3
4603	35
4604	32
4605	35.3
4606	2
4607	36.5
4608	3.6
4609	38.3
4610	11.9
4611	25.8
4612	34.4
4613	40.4
4614	16.7
4615	13.7
4616	32.6
4617	37
4618	21.2
4619	9.8
4620	31.7
4621	1.2
4622	34.1
4623	34.4
4624	7.9
4625	20.1
4626	37.5
4627	8.9
4628	26.1
4629	6.8
4630	39.1
4631	40.9
4632	30.5
4633	4.1
4634	31.9
4635	27.8
4636	21.5
4637	28.4
4638	21.2
4639	10.3
4640	31.8
4641	30.7
4642	32.1
4643	24.4
4644	34.1
4645	1.6
4646	30
4647	7.2
4648	25.8
4649	29.6
4650	32.3
4651	39.5
4652	12.5
4653	36.3
4654	28.8
4655	6.9
4656	21.3
4657	43.5
4658	29
4659	25.1
4660	9.3
4661	9.1
4662	27.2
4663	15.4
4664	20.9
4665	6.3
4666	1.3
4667	29.5
4668	34.8
4669	27.5
4670	31.9
4671	22.6
4672	39.1
4673	6
4674	34.7
4675	39.8
4676	8.3
4677	1.7
4678	2.9
4679	34.6
4680	34.7
4681	36.1
4682	22
4683	15.1
4684	39.8
4685	38.9
4686	41.9
4687	1.9
4688	11.7
4689	33.4
4690	5.8
4691	8.4
4692	37.7
4693	30.8
4694	21.8
4695	14.2
4696	3.6
4697	10.9
4698	31.6
4699	33.3
4700	36.1
4701	5.5
4702	14.7
4703	30.9
4704	20.9
4705	37.2
4706	34.8
4707	28.8
4708	15.2
4709	22.4
4710	30.2
4711	6.7
4712	23.9
4713	30.2
4714	40.9
4715	38.3
4716	2
4717	37.8
4718	32.7
4719	14.8
4720	3.2
4721	33.4
4722	34.8
4723	38.4
4724	21.7
4725	30.2
4726	36.5
4727	9
4728	1.2
4729	2.9
4730	39.7
4731	37.8
4732	40.5
4733	30
4734	3
4735	25.9
4736	4.5
4737	29.7
4738	4.6
4739	29.9
4740	28.8
4741	37.1
4742	33.1
4743	29.1
4744	28.4
4745	32.1
4746	34.4
4747	4.8
4748	20.9
4749	1.9
4750	4.8
4751	9.4
4752	37.3
4753	27.6
4754	28.6
4755	3.4
4756	37.3
4757	31.2
4758	12
4759	7.8
4760	2.7
4761	1.9
4762	19.1
4763	38.1
4764	27.1
4765	33.5
4766	36
4767	22.2
4768	26.5
4769	21.8
4770	5.3
4771	13
4772	43.8
4773	1.8
4774	34.8
4775	45.3
4776	27.9
4777	20.8
4778	26.3
4779	29.6
4780	40.3
4781	12.6
4782	30.1
4783	4.2
4784	11.5
4785	24.1
4786	16.2
4787	21.5
4788	2.8
4789	10.4
4790	39.4
4791	34.3
4792	41.8
4793	24.4
4794	24.5
4795	18.1
4796	33.6
4797	15.3
4798	3
4799	45.6
4800	41.3
4801	27.8
4802	7.5
4803	8.7
4804	4.7
4805	24.2
4806	17.7
4807	26.9
4808	31.1
4809	31.5
4810	31.9
4811	31.3
4812	19.7
4813	7.1
4814	6.6
4815	17
4816	29.6
4817	27.4
4818	11.6
4819	35.5
4820	9.6
4821	30.8
4822	20.6
4823	2.3
4824	15.2
4825	34.7
4826	31.2
4827	29.7
4828	17.4
4829	31.3
4830	5.9
4831	35.6
4832	28.3
4833	33.2
4834	24.3
4835	34.5
4836	26.1
4837	16.6
4838	35.1
4839	25.7
4840	20.1
4841	26.1
4842	13
4843	4.9
4844	31.8
4845	28.3
4846	3.4
4847	33.2
4848	14
4849	2.5
4850	22.8
4851	21.8
4852	11.6
4853	2.3
4854	27.4
4855	11.9
4856	33.2
4857	36
4858	3.7
4859	35.4
4860	32
4861	1.4
4862	38.6
4863	9
4864	44.5
4865	30.5
4866	6.8
4867	3.8
4868	38.3
4869	36.5
4870	9.9
4871	37.5
4872	2.9
4873	9.2
4874	36.4
4875	19.2
4876	23.7
4877	32.5
4878	5
4879	38
4880	6.7
4881	35.1
4882	24.1
4883	32
4884	29.3
4885	4.2
4886	32.7
4887	17.7
4888	29.3
4889	23.7
4890	3.1
4891	27.7
4892	28.9
4893	36.7
4894	30.3
4895	32.1
4896	7.7
4897	32.2
4898	38
4899	11.3
4900	2.3
4901	26.3
4902	42.1
4903	31.3
4904	5.2
4905	24.7
4906	26.8
4907	26.6
4908	21.4
4909	3.8
4910	37.6
4911	30
4912	32.3
4913	29
4914	42
4915	16
4916	19.1
4917	6.4
4918	25.6
4919	17.1
4920	34.9
4921	13.7
4922	32.6
4923	20.6
4924	4.8
4925	31.9
4926	11.3
4927	36
4928	31.4
4929	37.5
4930	28.4
4931	32.1
4932	35.1
4933	35.7
4934	36.7
4935	4.9
4936	9.2
4937	16
4938	20.8
4939	5.6
4940	34.5
4941	33.7
4942	24.1
4943	20.9
4944	38.9
4945	36.3
4946	15.2
4947	33.7
4948	30.3
4949	31.2
4950	20.4
4951	6.5
4952	28.5
4953	22.9
4954	32.9
4955	4.3
4956	19
4957	37.8
4958	3.7
4959	13.8
4960	13.8
4961	27.2
4962	12.9
4963	5
4964	24.6
4965	11.3
4966	41.1
4967	46.4
4968	23.8
4969	29.6
4970	1.9
4971	11.1
4972	31.3
4973	35.7
4974	7.3
4975	10.5
4976	36.3
4977	42.3
4978	34
4979	23.5
4980	28.2
4981	37.4
4982	16.1
4983	21.1
4984	4.4
4985	37.9
4986	4.2
4987	12.3
4988	19.8
4989	29.9
4990	35.1
4991	19.9
4992	32
4993	14.6
4994	25.2
4995	31.9
4996	16.8
4997	38
4998	44
4999	37.3
5000	26.3
