1	36.9
2	40.7
3	36.3
4	51.6
5	43.4
6	32.1
7	44.3
8	24.5
9	38.6
10	43.2
11	24.1
12	40.1
13	42.3
14	38
15	40.3
16	47.4
17	49.9
18	37.3
19	49.2
20	45.5
21	36.6
22	28.2
23	40.5
24	49.1
25	38.1
26	35.4
27	50.1
28	17.3
29	31.8
30	19.8
31	49.7
32	45
33	56.6
34	40.2
35	46.6
36	24.8
37	40.9
38	31.3
39	45.3
40	23.4
41	41
42	44.6
43	20.5
44	50
45	19.4
46	35.2
47	39.5
48	49
49	30.9
50	47
51	45.8
52	46.8
53	53.7
54	44.1
55	41.5
56	46
57	35.2
58	47
59	16.5
60	42.5
61	42.1
62	40.4
63	49.6
64	47.8
65	46.1
66	44.9
67	18.6
68	43.7
69	33
70	33
71	26.5
72	44.5
73	41
74	43
75	49.1
76	46.6
77	43
78	31.9
79	25.2
80	46.7
81	38.1
82	47.9
83	20.6
84	40
85	44.2
86	43.8
87	42.7
88	43.2
89	49.5
90	35.8
91	31
92	16.3
93	49.1
94	39
95	29.3
96	22.9
97	49.3
98	44.1
99	48.7
100	42
101	34.1
102	45.1
103	45.8
104	32.3
105	27.7
106	32.2
107	32
108	38.4
109	29.7
110	38.9
111	38.9
112	29.5
113	30.8
114	37.1
115	36.1
116	42.5
117	31.6
118	38.4
119	37.4
120	38
121	29.4
122	29.6
123	35.9
124	33.4
125	35.3
126	15.5
127	39.5
128	50.5
129	48.2
130	18.5
131	53.6
132	37.3
133	25.5
134	46.3
135	46.5
136	41.2
137	31.6
138	38.8
139	48.8
140	43.6
141	32.5
142	58.8
143	38.2
144	51.7
145	23.3
146	25.2
147	37.2
148	31.3
149	45.9
150	51.6
151	43.1
152	45.2
153	40.6
154	18.9
155	30.1
156	23.1
157	45.5
158	47.1
159	42.1
160	11.3
161	40.6
162	49.8
163	45.5
164	47
165	21.4
166	25.3
167	47.9
168	38.8
169	28.4
170	35.8
171	36.6
172	46.7
173	40.8
174	41.8
175	28.4
176	28.6
177	24.4
178	22.6
179	28.1
180	21.1
181	48.5
182	49.1
183	30.6
184	47.7
185	22.5
186	34.9
187	51.2
188	17.1
189	38.5
190	16.6
191	44.9
192	34
193	22.5
194	44.4
195	35.8
196	43.2
197	53.8
198	38.5
199	44.6
200	44.9
201	46.3
202	41.6
203	42.5
204	36.2
205	42.5
206	40.1
207	47.4
208	40.2
209	29.3
210	40.9
211	48.4
212	26.9
213	39.1
214	41.7
215	38.8
216	22.1
217	52.6
218	49.1
219	43
220	35.8
221	27.1
222	37.9
223	56.3
224	40.3
225	34.4
226	37
227	44.8
228	47.8
229	11.2
230	44.8
231	46.6
232	44.7
233	42.7
234	14.4
235	34.6
236	41.8
237	35.4
238	30.7
239	44.5
240	19.1
241	44.8
242	44.7
243	24.4
244	38.6
245	44.4
246	18.5
247	38.2
248	47.7
249	26.7
250	22.1
251	34.8
252	37.4
253	54.2
254	48.1
255	51.3
256	36.9
257	32.9
258	38.6
259	45.6
260	40.6
261	50.1
262	14
263	47.2
264	36.9
265	40.5
266	50.6
267	33.3
268	37.8
269	42.3
270	49
271	24.2
272	39.6
273	45.5
274	23.6
275	23.8
276	47.3
277	39
278	47.3
279	31.9
280	42.3
281	30.1
282	36
283	15.5
284	42.6
285	31.4
286	50
287	45.3
288	47.6
289	50
290	49.1
291	51.7
292	42.1
293	47.7
294	41.2
295	47.8
296	44.6
297	18.6
298	36.1
299	40.6
300	19.6
301	21.5
302	45.1
303	17.6
304	29.9
305	32.8
306	49.9
307	43.8
308	40.6
309	24.2
310	36.9
311	34.1
312	19.4
313	26.3
314	36.9
315	51
316	47.7
317	44.7
318	50
319	37.4
320	33.1
321	41.4
322	40.7
323	37.9
324	51
325	44.1
326	45.1
327	38.9
328	24.3
329	40.6
330	49.7
331	45.5
332	18.5
333	49.9
334	21.6
335	48.3
336	31.6
337	43.2
338	15.7
339	51
340	21.9
341	17.5
342	37.7
343	49.3
344	42.9
345	38.1
346	47.2
347	45.4
348	34.2
349	41.3
350	29.3
351	48
352	40.2
353	33.4
354	27.7
355	43.9
356	51.9
357	47.6
358	33.7
359	28.8
360	33.4
361	37.7
362	46.9
363	37.7
364	28.7
365	32.3
366	26
367	26.4
368	44
369	41.3
370	44
371	31.5
372	24.3
373	41
374	40.4
375	20.3
376	38.8
377	48.9
378	30.1
379	46.9
380	29.6
381	19.4
382	50.9
383	52.7
384	38.8
385	41.3
386	28.6
387	45
388	25.6
389	36.9
390	33.4
391	41.3
392	43.7
393	41.5
394	33.7
395	44.9
396	33.4
397	41.8
398	22.1
399	38.2
400	13.6
401	33.8
402	24.3
403	28.1
404	47.2
405	41
406	35.6
407	32.9
408	20.6
409	31.9
410	48.1
411	31.1
412	28.3
413	45.5
414	27.2
415	41.1
416	20.7
417	35
418	43.5
419	52.7
420	48.8
421	20.2
422	47.6
423	42.2
424	24.9
425	31.3
426	39.8
427	36.5
428	45.6
429	39
430	38.7
431	41.6
432	35.2
433	31.3
434	39.9
435	44.7
436	34.5
437	40.3
438	46.4
439	20.3
440	39.2
441	36.8
442	36
443	17.7
444	39.3
445	44.3
446	44.6
447	39.1
448	31.1
449	36.1
450	43.5
451	44.9
452	23.5
453	42.6
454	46.4
455	47
456	34.8
457	47.9
458	40.7
459	24.5
460	38.1
461	28.9
462	43.1
463	51.6
464	31
465	46
466	36.6
467	39.2
468	18.1
469	46.9
470	21.9
471	27.6
472	40.7
473	42
474	41
475	44.4
476	43.5
477	39.1
478	35.6
479	35.2
480	40.3
481	25
482	34.4
483	26.8
484	39.9
485	22.9
486	25.6
487	46.8
488	46.2
489	52
490	34.5
491	26.7
492	34.1
493	20.9
494	38.1
495	37.9
496	16.9
497	34.2
498	39.1
499	18.8
500	34.4
501	38.1
502	45.3
503	27.9
504	18.9
505	27.9
506	45.8
507	38.8
508	53
509	18.4
510	44.1
511	37.8
512	52.4
513	43.2
514	45.6
515	48.5
516	17.3
517	47.5
518	51.6
519	37
520	33.1
521	40.1
522	44.2
523	26.7
524	37.5
525	45.5
526	38.4
527	46.6
528	42.7
529	40.2
530	43.7
531	44.2
532	35.5
533	23.9
534	38
535	44.3
536	35.9
537	45.5
538	15.9
539	44.6
540	36.1
541	32.3
542	44.1
543	42.1
544	47.4
545	42.1
546	18
547	23.4
548	42.7
549	40.4
550	43
551	35.8
552	31.9
553	42.5
554	48.9
555	51.5
556	45.4
557	15.9
558	40
559	35.1
560	33.3
561	41.7
562	36
563	43.9
564	23.1
565	35.2
566	40.5
567	28.6
568	16.2
569	47.8
570	25.3
571	48.9
572	28.5
573	40.7
574	32.2
575	52.2
576	47.6
577	40.5
578	27.9
579	20.2
580	49.3
581	34.7
582	40.6
583	19
584	39.8
585	43
586	45.8
587	45.8
588	25.6
589	49.1
590	47.5
591	32.1
592	38.3
593	26.7
594	44.2
595	39.2
596	41.6
597	43.8
598	37.8
599	45
600	38.9
601	49.4
602	36
603	33.3
604	39.8
605	33.9
606	56.3
607	40.8
608	39.1
609	15
610	42.1
611	43.5
612	52
613	40.5
614	43.3
615	48.2
616	48
617	49
618	26.8
619	40.8
620	42.5
621	36.7
622	40.4
623	33.8
624	48.7
625	32.2
626	29.4
627	17.6
628	11.2
629	45.1
630	28.8
631	30
632	41.5
633	36.3
634	30.8
635	44.3
636	36.9
637	47.6
638	18
639	52.3
640	41.8
641	41.9
642	39
643	49
644	25.3
645	38.3
646	19.1
647	44.6
648	42.4
649	27.2
650	41.3
651	29.4
652	49.4
653	28.8
654	42.2
655	40.3
656	16.4
657	24.8
658	38.4
659	43.1
660	21.3
661	49.5
662	30.7
663	39.9
664	37.1
665	50.5
666	48.9
667	48.1
668	37.9
669	32.4
670	21.3
671	43.5
672	33
673	36.9
674	49.3
675	42.9
676	38.8
677	47.6
678	39.9
679	29.2
680	50.1
681	41.3
682	44.6
683	38.7
684	40.6
685	41.1
686	31.4
687	44.4
688	40.8
689	36.5
690	33.3
691	15
692	40.3
693	25.4
694	41.4
695	24.8
696	19.8
697	44
698	32.9
699	42
700	40.2
701	40
702	45.7
703	42.9
704	47.4
705	38.9
706	47.9
707	51.8
708	46.3
709	49.5
710	38.7
711	22.6
712	44.9
713	28
714	26.8
715	37.1
716	50.3
717	32.3
718	43.1
719	16.7
720	22.9
721	22.1
722	43
723	34.6
724	52.1
725	45.4
726	46.2
727	43.5
728	36
729	28.9
730	39.1
731	29.8
732	44.6
733	37.2
734	49.3
735	35.8
736	22.3
737	38
738	25.2
739	44.6
740	39.3
741	37.6
742	40.2
743	48.1
744	39.1
745	33.3
746	32.3
747	50.2
748	40.5
749	46.7
750	39.5
751	47
752	45.5
753	18.2
754	23.8
755	45.9
756	46
757	36.6
758	41.3
759	40.5
760	28.6
761	45.5
762	41.7
763	22
764	40.2
765	37.8
766	38.6
767	17.9
768	40.6
769	45
770	35.4
771	39.1
772	44.9
773	46.6
774	16.6
775	48.6
776	30.5
777	41.9
778	39.4
779	39.7
780	45.3
781	48.7
782	54.6
783	25.7
784	37.3
785	43.8
786	47.1
787	25.2
788	15.6
789	44.7
790	29.7
791	29.9
792	25
793	44.5
794	43.7
795	29.8
796	42
797	45.5
798	42.1
799	44.6
800	25
801	26.9
802	42.7
803	35.7
804	40.5
805	29.1
806	48.3
807	44.7
808	23.4
809	43.8
810	41.9
811	48.8
812	47.5
813	40.9
814	36.4
815	49.5
816	29.5
817	49
818	35.1
819	16.6
820	49.8
821	45.7
822	49.8
823	32.7
824	27.1
825	38.2
826	29.9
827	38.9
828	52.6
829	47.7
830	42.5
831	43.7
832	34.7
833	39.4
834	44.3
835	25
836	26.3
837	41.1
838	45.6
839	27.4
840	49
841	48.4
842	27.8
843	40.2
844	15.1
845	38.7
846	42.1
847	22.5
848	45.7
849	44.1
850	56.3
851	27.3
852	38.2
853	32.2
854	44.9
855	45.7
856	50.9
857	15.2
858	37.6
859	44.6
860	45.1
861	44
862	54.3
863	14.9
864	48.5
865	42.8
866	54.6
867	44.3
868	30.8
869	40.2
870	32.9
871	51.4
872	50.1
873	36.3
874	20.7
875	29
876	30.7
877	51.4
878	32
879	48.5
880	43.7
881	45.9
882	32.8
883	29.6
884	39
885	37.2
886	40.7
887	33.9
888	44
889	34.3
890	37.4
891	44.8
892	31.3
893	44.6
894	27.4
895	33.2
896	48.1
897	46.1
898	18.3
899	45.7
900	50.1
901	36
902	49
903	51.8
904	40.7
905	14.8
906	18.6
907	47
908	20.4
909	44.1
910	49.5
911	51.3
912	20.5
913	37
914	39.7
915	38
916	35.3
917	20.5
918	53.1
919	40.4
920	35.9
921	33.2
922	42.1
923	43.1
924	35.9
925	51.6
926	53.8
927	48
928	45.9
929	27.7
930	45.5
931	47.5
932	51.9
933	48.7
934	34.6
935	32.6
936	48.4
937	42.1
938	32
939	32.4
940	20.2
941	40.3
942	40.3
943	51.4
944	38.5
945	43.6
946	34.9
947	32.9
948	38.5
949	43.4
950	39.9
951	36.8
952	46.9
953	44.5
954	42.1
955	46.6
956	16.9
957	45.6
958	39.6
959	42
960	33.2
961	26.3
962	30.5
963	22.2
964	44.1
965	35.6
966	48.8
967	44.8
968	36.6
969	25.7
970	16.1
971	39.9
972	21.5
973	31.7
974	35.8
975	35.2
976	40.6
977	42.6
978	38.4
979	35.4
980	41.3
981	41
982	49.4
983	49.6
984	41.4
985	49.9
986	48.9
987	44.6
988	19.5
989	55.3
990	41.2
991	23.4
992	21.6
993	45.7
994	43.3
995	49.1
996	43.7
997	34.5
998	35.4
999	45.4
1000	38
1001	43.2
1002	36.2
1003	27.1
1004	48.5
1005	30.6
1006	45.7
1007	22.9
1008	44
1009	30
1010	39.3
1011	37.7
1012	22.6
1013	23.6
1014	14.3
1015	36.4
1016	26.7
1017	48.7
1018	39.3
1019	44.4
1020	47.9
1021	40.6
1022	34.4
1023	46.4
1024	37
1025	39.4
1026	23.4
1027	49.4
1028	47.3
1029	30.6
1030	22.8
1031	37.6
1032	31.1
1033	23.9
1034	32.9
1035	31.3
1036	28.2
1037	49.7
1038	36.8
1039	38.2
1040	33.2
1041	17
1042	46.5
1043	39.6
1044	42.9
1045	42.9
1046	45.5
1047	27.9
1048	29.1
1049	46.1
1050	49.9
1051	32.9
1052	33.9
1053	34.8
1054	25.3
1055	30.6
1056	36.6
1057	41.5
1058	47.8
1059	50.1
1060	47.2
1061	44.9
1062	47.6
1063	33.9
1064	51.6
1065	27.1
1066	28
1067	39
1068	49.7
1069	41.3
1070	35.2
1071	26.7
1072	44.1
1073	26.9
1074	47.5
1075	37.4
1076	35.9
1077	47.4
1078	39.9
1079	40.6
1080	45.5
1081	40.7
1082	16.8
1083	35.3
1084	38.5
1085	41.1
1086	42.1
1087	44.8
1088	48.3
1089	40.6
1090	42
1091	44.9
1092	47
1093	31.8
1094	47.4
1095	38.8
1096	22.9
1097	31.9
1098	38.6
1099	46.3
1100	35.4
1101	20.6
1102	28.4
1103	48.2
1104	40.4
1105	38.8
1106	42.8
1107	47.8
1108	31
1109	41.5
1110	27.1
1111	46.7
1112	50.4
1113	44.6
1114	44
1115	49.1
1116	35.4
1117	26.1
1118	48.4
1119	31.1
1120	24
1121	30.7
1122	16.6
1123	50.2
1124	42.2
1125	45.4
1126	38.6
1127	35
1128	41
1129	32.1
1130	39.7
1131	39.4
1132	46
1133	45
1134	39.4
1135	35.6
1136	40.2
1137	45.3
1138	35
1139	20.5
1140	47.5
1141	30.4
1142	26.1
1143	39.4
1144	18.5
1145	44.3
1146	22.3
1147	33.8
1148	33.1
1149	43.2
1150	18.7
1151	22.8
1152	42.8
1153	50.7
1154	37.1
1155	19.5
1156	32.8
1157	38.8
1158	20.4
1159	22.9
1160	34.6
1161	33.8
1162	32.3
1163	27.8
1164	46.2
1165	16.3
1166	41.1
1167	43.4
1168	30.1
1169	35.5
1170	39.5
1171	50.6
1172	42.6
1173	42.4
1174	51.5
1175	40.8
1176	28
1177	42.8
1178	42.3
1179	28.6
1180	34.9
1181	39.1
1182	18.5
1183	35.1
1184	43.5
1185	36.2
1186	49.2
1187	44.8
1188	50.5
1189	44.1
1190	21.3
1191	23.3
1192	41.7
1193	43.4
1194	35.9
1195	55
1196	14.4
1197	39.3
1198	42.9
1199	27.2
1200	23.9
1201	47.9
1202	47.5
1203	37
1204	48.7
1205	32.8
1206	40.8
1207	51.5
1208	50.8
1209	22.5
1210	45.4
1211	27.5
1212	44.4
1213	51.5
1214	15.7
1215	35.4
1216	42.8
1217	20.3
1218	15.9
1219	42.8
1220	44.6
1221	39.4
1222	38.8
1223	46.1
1224	40.3
1225	23.5
1226	41.1
1227	33.2
1228	32.4
1229	50.4
1230	34.2
1231	14.4
1232	44
1233	47.5
1234	17.9
1235	37.6
1236	27.1
1237	34.3
1238	45.6
1239	47.5
1240	26.4
1241	24.8
1242	48
1243	38.5
1244	37.3
1245	19.8
1246	35.8
1247	45.4
1248	42.7
1249	50.5
1250	42.4
1251	24.7
1252	38.2
1253	23.9
1254	41.2
1255	29.7
1256	48.4
1257	44
1258	43.9
1259	30.2
1260	17.5
1261	40.6
1262	32.6
1263	25.6
1264	41.9
1265	35.4
1266	31
1267	41.4
1268	31.6
1269	34.2
1270	42.4
1271	35.5
1272	46.4
1273	35.2
1274	44.3
1275	25.4
1276	34
1277	36.6
1278	38.3
1279	41.8
1280	48
1281	51.3
1282	43
1283	26
1284	39.8
1285	38
1286	52
1287	54.6
1288	41.7
1289	50.3
1290	44
1291	21.3
1292	29.9
1293	41.6
1294	33.2
1295	43.3
1296	48.2
1297	35.9
1298	45.1
1299	47.1
1300	39.8
1301	51.1
1302	40
1303	47.5
1304	45.3
1305	47.9
1306	36.5
1307	50
1308	34.8
1309	19.8
1310	49.4
1311	37.9
1312	21.2
1313	33.4
1314	17.8
1315	49.6
1316	26.8
1317	47.7
1318	46.7
1319	44.4
1320	45.9
1321	26.8
1322	44
1323	16.7
1324	41.4
1325	39.5
1326	23.1
1327	37.6
1328	43.6
1329	47.2
1330	43.9
1331	38.5
1332	47.6
1333	23.5
1334	41.7
1335	18.7
1336	39.3
1337	33.8
1338	50.3
1339	39.9
1340	36.7
1341	46.6
1342	25.6
1343	47.5
1344	33.9
1345	41.8
1346	20.8
1347	37.1
1348	41.3
1349	17.9
1350	41.2
1351	41.3
1352	34.4
1353	46.2
1354	49.7
1355	44.3
1356	34.9
1357	43.5
1358	45.1
1359	44.8
1360	36.2
1361	40.4
1362	41.7
1363	39.6
1364	41.2
1365	21.8
1366	35.2
1367	40.4
1368	31.5
1369	48.8
1370	32.4
1371	47.5
1372	46.2
1373	46.6
1374	48.3
1375	19.9
1376	26.3
1377	47.7
1378	37.1
1379	46.3
1380	39.5
1381	40.1
1382	32.2
1383	41.6
1384	52.2
1385	38.6
1386	44.5
1387	46
1388	42.2
1389	19.5
1390	42.4
1391	37.2
1392	49.7
1393	31.7
1394	38.7
1395	43
1396	42
1397	32.8
1398	48.3
1399	43.5
1400	33
1401	41.8
1402	39.7
1403	43
1404	32.5
1405	45.8
1406	40.8
1407	24.4
1408	27
1409	22.6
1410	37.4
1411	19.3
1412	35.7
1413	43.1
1414	43.2
1415	40.2
1416	46.1
1417	20.2
1418	50.2
1419	20.5
1420	41.3
1421	28.6
1422	48.3
1423	42.2
1424	43.1
1425	48.3
1426	42.1
1427	43.1
1428	29.2
1429	18.9
1430	34.1
1431	33.8
1432	46.8
1433	43.1
1434	32.6
1435	37.8
1436	40.5
1437	39.7
1438	31.3
1439	44
1440	41.6
1441	49.7
1442	41
1443	27.6
1444	36
1445	50.8
1446	37.4
1447	44.1
1448	28
1449	25.1
1450	34.6
1451	40.5
1452	33.4
1453	25.7
1454	44.7
1455	46.9
1456	46.5
1457	48
1458	37.9
1459	48.5
1460	32.3
1461	37.1
1462	39.7
1463	42.4
1464	37.1
1465	51
1466	33
1467	19.4
1468	35.1
1469	42.6
1470	24.9
1471	43.3
1472	27.7
1473	42.8
1474	49.2
1475	30.4
1476	44.8
1477	42.8
1478	41.9
1479	20.2
1480	47.1
1481	38.3
1482	39.2
1483	17.9
1484	34
1485	17.3
1486	41.7
1487	35.9
1488	38.8
1489	32.2
1490	31.6
1491	46
1492	37.7
1493	36.4
1494	35
1495	24.4
1496	28.1
1497	40.6
1498	39.9
1499	25.9
1500	43.2
1501	40
1502	38.9
1503	40
1504	41.3
1505	54.7
1506	41.2
1507	45
1508	22.2
1509	50.8
1510	39.4
1511	38.9
1512	34.8
1513	41.5
1514	36.5
1515	46.9
1516	42
1517	50.9
1518	42.5
1519	42.8
1520	41.6
1521	44.2
1522	47.2
1523	37.4
1524	54.8
1525	39.9
1526	38.1
1527	46.7
1528	36.2
1529	33.9
1530	44
1531	32
1532	28.3
1533	17.7
1534	20.6
1535	40.8
1536	48.5
1537	37.2
1538	40.4
1539	47.8
1540	33.5
1541	36.2
1542	49.5
1543	48.3
1544	29.1
1545	46.5
1546	24.8
1547	17.7
1548	48.1
1549	34.2
1550	35.1
1551	39.7
1552	49.2
1553	45.1
1554	41.7
1555	41.4
1556	43.5
1557	31.6
1558	24.2
1559	38
1560	33.8
1561	34
1562	30.4
1563	47.5
1564	55.5
1565	33.4
1566	42.3
1567	48.4
1568	24.4
1569	26
1570	36.2
1571	38
1572	37.5
1573	57.6
1574	45.3
1575	45.3
1576	45.9
1577	33.4
1578	20
1579	50.2
1580	48.8
1581	24.9
1582	30.6
1583	35
1584	39.4
1585	46
1586	39.2
1587	25.6
1588	27.3
1589	28.1
1590	42
1591	36.7
1592	39.1
1593	53.4
1594	36.4
1595	37.3
1596	39.2
1597	21.2
1598	48.9
1599	32.4
1600	46.8
1601	47.3
1602	44.2
1603	21.7
1604	45.3
1605	30
1606	43.7
1607	48.6
1608	21
1609	40
1610	50.6
1611	44.3
1612	42.1
1613	45.7
1614	40.7
1615	46.9
1616	46
1617	39.8
1618	25.7
1619	22.6
1620	41
1621	40.9
1622	45.3
1623	39.1
1624	44.9
1625	43.4
1626	51.9
1627	20.5
1628	47.2
1629	33.9
1630	45
1631	19.1
1632	51.7
1633	51
1634	45.1
1635	42.1
1636	39.1
1637	42.2
1638	45.6
1639	39.6
1640	26.8
1641	44.9
1642	42.2
1643	40.4
1644	46.1
1645	38.8
1646	45.7
1647	28
1648	49.9
1649	34.2
1650	31.4
1651	22.9
1652	41.1
1653	40.8
1654	43
1655	39.9
1656	41.3
1657	43.1
1658	34.3
1659	43.2
1660	43.8
1661	46.4
1662	51.6
1663	22.5
1664	24.8
1665	38.7
1666	37.1
1667	34.6
1668	16.2
1669	48.3
1670	51.5
1671	17.7
1672	15.7
1673	44.9
1674	44.3
1675	14.6
1676	39.4
1677	39.4
1678	37.2
1679	23.2
1680	43.1
1681	46.2
1682	25.6
1683	24.7
1684	32.5
1685	50.6
1686	41.3
1687	34.9
1688	43.6
1689	45.1
1690	46.8
1691	24.9
1692	16.5
1693	42.5
1694	30
1695	20.6
1696	27.9
1697	48.1
1698	50.9
1699	46.8
1700	51.1
1701	45.8
1702	40.1
1703	23.3
1704	36.9
1705	44.9
1706	40.6
1707	34.8
1708	46.5
1709	42.8
1710	49.6
1711	46.7
1712	35.4
1713	37.5
1714	43.2
1715	44.7
1716	42.9
1717	24.8
1718	40.6
1719	39.3
1720	19.9
1721	37.6
1722	43.9
1723	41.5
1724	26.2
1725	42
1726	19.9
1727	45.2
1728	28.1
1729	49.7
1730	26
1731	38.1
1732	39.7
1733	48.7
1734	36.1
1735	19.6
1736	48.2
1737	35.2
1738	44.4
1739	49.3
1740	31.1
1741	51
1742	31.4
1743	51.8
1744	50.1
1745	55.2
1746	49.7
1747	34.9
1748	52.1
1749	38.5
1750	36.9
1751	39.4
1752	37.3
1753	47.7
1754	39.2
1755	33
1756	39.9
1757	14.1
1758	32.1
1759	33.6
1760	29.5
1761	47.7
1762	42
1763	45.1
1764	17.3
1765	34.9
1766	30.1
1767	21.5
1768	39.8
1769	38.9
1770	36.9
1771	34
1772	19.3
1773	26.8
1774	33.1
1775	27.8
1776	44.5
1777	44.1
1778	40
1779	28.7
1780	30.4
1781	27.1
1782	48.1
1783	46.1
1784	47
1785	50
1786	37.4
1787	32.9
1788	22.6
1789	42.5
1790	28.4
1791	39.4
1792	49.7
1793	48.9
1794	11.8
1795	41.5
1796	50.1
1797	39.3
1798	40.5
1799	37.9
1800	32.8
1801	30.1
1802	49.1
1803	41.6
1804	24.7
1805	18.6
1806	35.2
1807	32.1
1808	45.2
1809	42.3
1810	41.2
1811	22.9
1812	32.8
1813	41.5
1814	41.9
1815	42.3
1816	27.7
1817	43
1818	50.8
1819	42.5
1820	23.4
1821	36.3
1822	43
1823	38.8
1824	29.6
1825	45.6
1826	30
1827	38.3
1828	33.8
1829	23.2
1830	29
1831	33.7
1832	48.5
1833	36.2
1834	16.4
1835	44.5
1836	28.8
1837	46
1838	39.3
1839	41
1840	26.9
1841	39.4
1842	41.7
1843	37.3
1844	38.5
1845	32.7
1846	36.2
1847	42.1
1848	36.8
1849	42
1850	25.3
1851	29.9
1852	39.2
1853	34
1854	21.4
1855	24.8
1856	40.3
1857	30.6
1858	44
1859	34.5
1860	18.7
1861	26.2
1862	51.5
1863	42
1864	43.1
1865	25.7
1866	30
1867	31.9
1868	23.1
1869	36.7
1870	36.1
1871	47.7
1872	35.1
1873	37.9
1874	38.4
1875	51.6
1876	39.9
1877	35.2
1878	18.3
1879	45.9
1880	52.2
1881	19.2
1882	47.4
1883	50.2
1884	40.6
1885	34.1
1886	35.6
1887	35.6
1888	38.3
1889	39
1890	31.6
1891	16.5
1892	44.3
1893	48
1894	39.8
1895	21.7
1896	39.5
1897	25.5
1898	35.2
1899	27.6
1900	19.3
1901	17.8
1902	26.8
1903	33.7
1904	31.4
1905	46.3
1906	40.3
1907	37.3
1908	49.9
1909	43.7
1910	18.7
1911	34.8
1912	47.6
1913	46.1
1914	48
1915	38.4
1916	42.8
1917	47.3
1918	39.2
1919	21.5
1920	43.5
1921	40.8
1922	39.5
1923	23.4
1924	51.4
1925	48
1926	46.3
1927	27.4
1928	31.9
1929	29.6
1930	38.3
1931	33.5
1932	22.5
1933	31.6
1934	38.3
1935	30
1936	41.9
1937	19
1938	48.5
1939	34.3
1940	20.9
1941	31.1
1942	36.3
1943	32.1
1944	38.5
1945	47.7
1946	19.5
1947	29.2
1948	44.8
1949	42.9
1950	25.9
1951	41.9
1952	40
1953	48.8
1954	30.3
1955	39.7
1956	36.5
1957	33.6
1958	51.2
1959	28
1960	38.4
1961	37.1
1962	46.6
1963	51.3
1964	41.5
1965	44.4
1966	41.1
1967	37.2
1968	45.2
1969	37
1970	51.9
1971	53.1
1972	36.4
1973	18.9
1974	40.8
1975	34.3
1976	40.9
1977	34.4
1978	36.4
1979	40.6
1980	42.8
1981	46.2
1982	22.5
1983	38.1
1984	47.7
1985	46.7
1986	27.4
1987	38.8
1988	37.5
1989	42.7
1990	41.8
1991	38.8
1992	28.8
1993	46.1
1994	29.9
1995	45
1996	39.9
1997	40
1998	42.1
1999	20.6
2000	48.1
2001	24
2002	18.7
2003	47.2
2004	13.2
2005	38.3
2006	48.7
2007	34.7
2008	44.8
2009	35.4
2010	43.6
2011	38.4
2012	39.9
2013	37.1
2014	26.9
2015	41
2016	30.7
2017	20
2018	45.5
2019	52.4
2020	40.4
2021	24.3
2022	42.4
2023	46
2024	42.6
2025	29
2026	43.4
2027	43.8
2028	42.7
2029	26.4
2030	39.6
2031	47.1
2032	40
2033	18.2
2034	40.4
2035	36.8
2036	28.9
2037	25.9
2038	50.3
2039	29.3
2040	33.4
2041	50.4
2042	46.6
2043	45.9
2044	48.5
2045	33.3
2046	35.7
2047	50.8
2048	44
2049	50.3
2050	41.7
2051	44.2
2052	49
2053	48.7
2054	39.9
2055	30.2
2056	27.1
2057	37
2058	49.4
2059	52
2060	41.9
2061	35.9
2062	25.3
2063	40.1
2064	45.8
2065	39
2066	38.4
2067	21
2068	41.6
2069	22.8
2070	48.1
2071	47.3
2072	23.8
2073	39.3
2074	43.3
2075	41.1
2076	45.5
2077	35.6
2078	31.5
2079	46.8
2080	31.1
2081	40.7
2082	45.1
2083	44
2084	44.7
2085	27
2086	49.2
2087	22.2
2088	43
2089	22.7
2090	29.4
2091	26.2
2092	37.1
2093	45.2
2094	41.3
2095	43.4
2096	51.2
2097	51.5
2098	40.1
2099	42
2100	32.8
2101	40.4
2102	48.3
2103	28.4
2104	39.1
2105	33
2106	26.2
2107	23.1
2108	27.2
2109	39.4
2110	49.6
2111	14.1
2112	41.5
2113	33.1
2114	47.8
2115	46.7
2116	42
2117	44.5
2118	21.7
2119	48.9
2120	42.5
2121	16.3
2122	15
2123	40.4
2124	41.6
2125	38.5
2126	26.9
2127	31.8
2128	43.4
2129	42.1
2130	49.4
2131	28.3
2132	33.7
2133	38.2
2134	42.4
2135	14.6
2136	52.4
2137	33
2138	34
2139	24.6
2140	39.1
2141	51
2142	49.9
2143	45.1
2144	42.4
2145	20.9
2146	49.1
2147	46.6
2148	21.5
2149	42.9
2150	38.5
2151	33.9
2152	24.1
2153	35.1
2154	43.7
2155	40.2
2156	23.2
2157	36
2158	31.1
2159	37.5
2160	34
2161	45
2162	41.7
2163	38.9
2164	25.8
2165	36.4
2166	25.7
2167	36.5
2168	38.6
2169	23.9
2170	36.7
2171	37.4
2172	27.7
2173	49.8
2174	37.6
2175	28.5
2176	29.4
2177	37.7
2178	37.8
2179	40.4
2180	28.4
2181	25.8
2182	46
2183	34.2
2184	37.8
2185	39.3
2186	41.8
2187	44.2
2188	29.6
2189	23.6
2190	38
2191	15.3
2192	35.6
2193	51.5
2194	44.1
2195	45
2196	53.3
2197	24.8
2198	35.4
2199	38.4
2200	26
2201	15.3
2202	46.8
2203	48.2
2204	34.5
2205	36.6
2206	21.6
2207	50.4
2208	36.3
2209	51.5
2210	44.5
2211	49
2212	45.1
2213	30.2
2214	46.2
2215	38.4
2216	41.7
2217	36.6
2218	32.4
2219	42.4
2220	38.9
2221	22
2222	43.5
2223	46.8
2224	33
2225	15.7
2226	44.5
2227	30
2228	34.3
2229	39.4
2230	42
2231	21.9
2232	23.1
2233	15.1
2234	35
2235	35.8
2236	40.2
2237	35.4
2238	42.6
2239	45.2
2240	42.5
2241	23.9
2242	47
2243	38.7
2244	37.1
2245	41.2
2246	46.4
2247	34.1
2248	50.6
2249	27.8
2250	41.1
2251	21.5
2252	48
2253	23
2254	38.4
2255	36.4
2256	26.6
2257	45.3
2258	27.2
2259	45.1
2260	32.3
2261	20.4
2262	31.8
2263	45.8
2264	52.2
2265	16.5
2266	36.3
2267	41.8
2268	49
2269	34
2270	40.1
2271	29.8
2272	44.7
2273	27.6
2274	38
2275	28.7
2276	39.9
2277	26.1
2278	28.1
2279	38.3
2280	42.1
2281	49
2282	34.7
2283	37.1
2284	42.3
2285	29.1
2286	38.7
2287	49
2288	15.9
2289	34.3
2290	34.9
2291	44
2292	37.7
2293	44.5
2294	46.1
2295	34.3
2296	44.1
2297	46.6
2298	46
2299	44.7
2300	39
2301	36.5
2302	47.3
2303	33.5
2304	39.3
2305	50.2
2306	24.5
2307	21.3
2308	37.3
2309	23.8
2310	33.5
2311	40.3
2312	44.5
2313	32.9
2314	39.2
2315	31.5
2316	26.4
2317	43
2318	41.6
2319	38.8
2320	47.3
2321	50.4
2322	26.9
2323	22.9
2324	37.6
2325	24.6
2326	30.1
2327	31.4
2328	38.8
2329	46.7
2330	44.5
2331	31.6
2332	49.5
2333	40.7
2334	41.1
2335	41.3
2336	50.8
2337	41.7
2338	40.6
2339	44.4
2340	49.5
2341	42.5
2342	48.2
2343	50.3
2344	19.3
2345	42.1
2346	46
2347	42.5
2348	42.6
2349	47.2
2350	42.4
2351	39.8
2352	39.4
2353	36.9
2354	33.5
2355	50.6
2356	17.9
2357	41.5
2358	37.5
2359	39.4
2360	51.2
2361	18.5
2362	49.5
2363	44.7
2364	52.7
2365	40.9
2366	46.4
2367	44.8
2368	43
2369	20.7
2370	39
2371	22.7
2372	30.2
2373	39.5
2374	39.8
2375	48.9
2376	37.2
2377	35.1
2378	34.4
2379	17.4
2380	43.1
2381	41.4
2382	48.8
2383	33.5
2384	39.5
2385	28.2
2386	44.2
2387	43.5
2388	45.2
2389	38.6
2390	33.1
2391	54.1
2392	44.3
2393	44.1
2394	25.6
2395	50.4
2396	37.7
2397	29.6
2398	24
2399	41.9
2400	42.3
2401	38.4
2402	29.6
2403	36.5
2404	38.4
2405	45.7
2406	32.8
2407	40.5
2408	36.6
2409	19.2
2410	40.7
2411	42.2
2412	56.8
2413	32.6
2414	30
2415	46.3
2416	42.2
2417	47
2418	28.7
2419	40.1
2420	15.2
2421	46.5
2422	30.8
2423	46.3
2424	41.1
2425	45.7
2426	31.7
2427	41.2
2428	40.6
2429	44.7
2430	25.4
2431	41
2432	23.6
2433	25.7
2434	34.9
2435	35.6
2436	43.3
2437	35
2438	41
2439	40.6
2440	48.1
2441	23.7
2442	41.3
2443	39.7
2444	47.6
2445	16.9
2446	45.1
2447	37.6
2448	36.9
2449	41.7
2450	34
2451	20.1
2452	40.2
2453	38.8
2454	37.9
2455	49
2456	46.6
2457	43.1
2458	49
2459	31.8
2460	38.9
2461	27.4
2462	54.7
2463	45
2464	46.1
2465	46.6
2466	24.4
2467	31.5
2468	42.4
2469	46.7
2470	34.6
2471	48.4
2472	46
2473	48.1
2474	39.4
2475	36
2476	38.2
2477	33.3
2478	52.8
2479	39.3
2480	43.5
2481	32.4
2482	35.6
2483	21
2484	46
2485	44.1
2486	44.9
2487	29.5
2488	20.4
2489	46.8
2490	47.2
2491	32.4
2492	19.3
2493	21.5
2494	40.4
2495	19.9
2496	42.2
2497	46.7
2498	29.4
2499	38.5
2500	19.7
2501	37.3
2502	45.2
2503	43.6
2504	43.4
2505	39.4
2506	54.1
2507	43.8
2508	38.8
2509	18.3
2510	46.4
2511	45
2512	47.3
2513	22
2514	41.4
2515	26.3
2516	42.1
2517	39
2518	47.3
2519	33.1
2520	49.3
2521	27.1
2522	30.6
2523	48.9
2524	45
2525	44.5
2526	50.7
2527	44
2528	47.3
2529	46
2530	23.4
2531	46.2
2532	41.4
2533	48.8
2534	44
2535	40.3
2536	40.5
2537	48.7
2538	42.3
2539	46.5
2540	26
2541	44.7
2542	28.7
2543	43.7
2544	40.8
2545	16
2546	45.1
2547	47.5
2548	38.1
2549	43.6
2550	31.5
2551	45.8
2552	36.8
2553	48.4
2554	50
2555	43.3
2556	39
2557	35.7
2558	50.2
2559	27.1
2560	50.3
2561	44.8
2562	43.5
2563	29.8
2564	26.8
2565	26.8
2566	31.1
2567	34.3
2568	37.7
2569	24.4
2570	46.4
2571	17
2572	50.5
2573	28.3
2574	33
2575	40.8
2576	26.6
2577	42.6
2578	17.1
2579	14
2580	35.7
2581	40.1
2582	20
2583	17.1
2584	33.7
2585	31
2586	38.3
2587	25.7
2588	47.3
2589	34.4
2590	25.1
2591	45.4
2592	28.1
2593	36.4
2594	41.8
2595	47
2596	44.6
2597	39.9
2598	41.7
2599	49.6
2600	42.6
2601	39.1
2602	28.8
2603	51.5
2604	41.8
2605	50.7
2606	23.8
2607	36.1
2608	43.4
2609	35.6
2610	46.2
2611	34.6
2612	48.4
2613	50
2614	43.2
2615	28.5
2616	43.6
2617	35.7
2618	44.4
2619	43.2
2620	15
2621	41.5
2622	22.7
2623	30.4
2624	39
2625	36.7
2626	49.6
2627	39.2
2628	30.3
2629	48.7
2630	44
2631	40
2632	36.3
2633	35.6
2634	30.7
2635	43.5
2636	47.3
2637	44.4
2638	45.6
2639	49.1
2640	50.7
2641	38.3
2642	28.2
2643	34.9
2644	32.2
2645	43.6
2646	32.9
2647	43.3
2648	44.7
2649	47
2650	46.8
2651	34.5
2652	45
2653	47.9
2654	37.5
2655	42.5
2656	41.8
2657	29
2658	36.1
2659	52.1
2660	29.8
2661	45
2662	40.8
2663	26.6
2664	40.4
2665	48.3
2666	47.9
2667	28.6
2668	40.2
2669	22.7
2670	46.7
2671	43.9
2672	44.9
2673	38.4
2674	42.7
2675	35.1
2676	16.2
2677	35.1
2678	46.4
2679	42
2680	20.5
2681	24.8
2682	49.2
2683	48.2
2684	38.2
2685	51.6
2686	12.6
2687	43.2
2688	23.7
2689	49.2
2690	28.7
2691	34.8
2692	46.7
2693	45.9
2694	33.4
2695	31.4
2696	40
2697	46.2
2698	49.9
2699	28.4
2700	49
2701	36.6
2702	47.9
2703	35.5
2704	45.2
2705	27.9
2706	46.9
2707	21.3
2708	39.7
2709	49.3
2710	19
2711	34.9
2712	39.7
2713	42.5
2714	30.3
2715	50.6
2716	36.5
2717	29.9
2718	21.8
2719	31.6
2720	49.4
2721	43.7
2722	16.9
2723	37.5
2724	52
2725	28.5
2726	51.3
2727	49.6
2728	43.4
2729	43.4
2730	21.9
2731	41.5
2732	43.3
2733	43.8
2734	35
2735	21.2
2736	39.1
2737	50.9
2738	18.1
2739	19.2
2740	22.8
2741	37.9
2742	23.3
2743	46.7
2744	48.9
2745	25.9
2746	42.6
2747	42.3
2748	49.4
2749	50.2
2750	47.9
2751	35.6
2752	39.6
2753	44.3
2754	42.3
2755	37.8
2756	22.4
2757	46.8
2758	37.1
2759	41.4
2760	44.4
2761	27.9
2762	40.7
2763	27.2
2764	30.8
2765	45.5
2766	48.7
2767	30.2
2768	47.4
2769	34
2770	43.1
2771	46.6
2772	39
2773	45.7
2774	32.3
2775	35.6
2776	21.7
2777	47
2778	37.7
2779	34.4
2780	46.2
2781	41.1
2782	19.3
2783	19.4
2784	43.3
2785	46.6
2786	47.5
2787	44.1
2788	37
2789	55.3
2790	31
2791	23.4
2792	42.1
2793	40.1
2794	41.5
2795	39.2
2796	38.5
2797	49.4
2798	48.1
2799	41.6
2800	51.2
2801	27.5
2802	40.9
2803	35.5
2804	34.1
2805	45.6
2806	25.4
2807	42.2
2808	48.7
2809	36
2810	41.4
2811	49.3
2812	39
2813	38.5
2814	33.7
2815	31.5
2816	51
2817	45.6
2818	41.8
2819	41.9
2820	40.9
2821	47.7
2822	38.8
2823	43
2824	21.4
2825	48.9
2826	37.7
2827	37.7
2828	42.5
2829	15.1
2830	42.9
2831	49.9
2832	40.3
2833	46.4
2834	30.3
2835	50.8
2836	31
2837	50.2
2838	40.2
2839	48.3
2840	33.4
2841	49.2
2842	43.5
2843	43.2
2844	42.1
2845	46
2846	23.8
2847	49.7
2848	23.7
2849	41.3
2850	44.9
2851	35.8
2852	24.8
2853	44.3
2854	23.5
2855	45.7
2856	50
2857	47.8
2858	45.6
2859	34.7
2860	44.1
2861	44
2862	52.4
2863	40.4
2864	45.9
2865	33
2866	44.6
2867	40
2868	42.4
2869	45.9
2870	43.4
2871	18.1
2872	35.5
2873	40.9
2874	14.3
2875	47.7
2876	27.7
2877	29
2878	33.1
2879	43.4
2880	47.6
2881	46.8
2882	44.6
2883	44.4
2884	37.4
2885	45.6
2886	47.6
2887	21
2888	50.5
2889	12.2
2890	42.5
2891	30.1
2892	41.9
2893	45.2
2894	40
2895	45.4
2896	41
2897	55.1
2898	21.4
2899	21
2900	45.7
2901	43.2
2902	43.4
2903	45.1
2904	37.7
2905	39
2906	36.2
2907	45.4
2908	51.1
2909	34.3
2910	41.3
2911	38.6
2912	19.8
2913	44.6
2914	34
2915	18.8
2916	32.5
2917	45.5
2918	42.5
2919	31.9
2920	44
2921	43.3
2922	21.5
2923	44
2924	23.1
2925	42.7
2926	42.1
2927	40.6
2928	30
2929	42.5
2930	42.9
2931	45.7
2932	30.4
2933	24.8
2934	33.4
2935	25.4
2936	20.1
2937	35.8
2938	41.6
2939	42.4
2940	52.3
2941	47
2942	51.2
2943	49.4
2944	43.8
2945	48.7
2946	39.1
2947	48.7
2948	46.4
2949	34.3
2950	39.7
2951	32
2952	48
2953	49.1
2954	43.7
2955	17.2
2956	41.5
2957	52.1
2958	22.4
2959	46.4
2960	31.5
2961	45.1
2962	45.2
2963	26.1
2964	45.1
2965	21.7
2966	54.7
2967	30.3
2968	12.2
2969	28.5
2970	42.6
2971	37.2
2972	37.1
2973	50.4
2974	42.8
2975	29.5
2976	33.8
2977	42.6
2978	45.8
2979	45.6
2980	35
2981	41.7
2982	39.6
2983	40.5
2984	46.9
2985	44.3
2986	40.4
2987	44.1
2988	26
2989	49.9
2990	39.9
2991	46.1
2992	42.3
2993	35.8
2994	49.5
2995	52.2
2996	48.5
2997	25.5
2998	42.5
2999	43.1
3000	44.6
3001	30.6
3002	37.5
3003	43
3004	44.2
3005	45.2
3006	43
3007	35.2
3008	41
3009	40.6
3010	40.8
3011	49.5
3012	34.2
3013	40.9
3014	45.3
3015	45.1
3016	35
3017	47.6
3018	39.5
3019	24.8
3020	42.5
3021	48
3022	51.3
3023	38.7
3024	27.5
3025	22.3
3026	44
3027	38.2
3028	25.3
3029	39.1
3030	41.1
3031	44.6
3032	23
3033	55.9
3034	23.3
3035	36.3
3036	50.1
3037	45.1
3038	49.8
3039	21.7
3040	40.8
3041	39.1
3042	41.6
3043	34.6
3044	34.2
3045	26.6
3046	41.2
3047	44.7
3048	35.3
3049	31.1
3050	36.1
3051	35.2
3052	44.6
3053	44.1
3054	47.6
3055	50.1
3056	49.4
3057	44.2
3058	53.2
3059	41.6
3060	41.5
3061	51.3
3062	47.2
3063	36.8
3064	47.3
3065	46.7
3066	36.3
3067	50.6
3068	44.6
3069	28.8
3070	42.4
3071	29.2
3072	38.8
3073	49.9
3074	34.4
3075	29
3076	44.3
3077	25.2
3078	43.1
3079	19.3
3080	41.5
3081	44.2
3082	21.3
3083	45.6
3084	34.5
3085	46.5
3086	51.2
3087	42.8
3088	34.9
3089	23.1
3090	45.7
3091	47.8
3092	49.9
3093	19.4
3094	51.6
3095	32.6
3096	48.7
3097	42.4
3098	28.2
3099	41.8
3100	51.8
3101	48
3102	20.3
3103	29
3104	36.5
3105	38.8
3106	43.6
3107	29.7
3108	52.4
3109	46.7
3110	43.9
3111	24.3
3112	41.6
3113	46
3114	39
3115	18.3
3116	38.6
3117	47.8
3118	28.3
3119	42.2
3120	48.9
3121	44.1
3122	38.3
3123	48
3124	22.6
3125	24.8
3126	41.2
3127	45.6
3128	44.6
3129	40.2
3130	36.3
3131	42.8
3132	38.6
3133	50
3134	36.7
3135	36
3136	41.4
3137	18
3138	13.2
3139	44.4
3140	21
3141	24.8
3142	46.8
3143	33.3
3144	44.2
3145	47.2
3146	38.5
3147	27.2
3148	45.4
3149	48.1
3150	48.8
3151	38.4
3152	20.3
3153	38.5
3154	37.3
3155	38
3156	47.4
3157	46
3158	37
3159	43.7
3160	26.3
3161	39
3162	41.5
3163	47.9
3164	35.5
3165	39.8
3166	35.9
3167	39.7
3168	40.1
3169	38.4
3170	45.7
3171	49.8
3172	48.7
3173	25.9
3174	26.5
3175	42.4
3176	33.9
3177	30.9
3178	43.5
3179	21.3
3180	26
3181	37.1
3182	24.3
3183	41.2
3184	53.4
3185	25.8
3186	33.4
3187	43.2
3188	47.1
3189	43.6
3190	43.3
3191	46.6
3192	52.5
3193	40
3194	55.5
3195	42
3196	26.4
3197	39.4
3198	20.8
3199	20.7
3200	47.9
3201	20
3202	51.5
3203	31.9
3204	31.8
3205	48.2
3206	47
3207	37.4
3208	16.9
3209	40.6
3210	36.6
3211	30.8
3212	36.2
3213	39.4
3214	29.6
3215	43.9
3216	45.7
3217	28.5
3218	41.9
3219	44.9
3220	36.5
3221	45.6
3222	36.2
3223	36.9
3224	35.8
3225	22.4
3226	28.7
3227	36.7
3228	21.1
3229	39.9
3230	40.6
3231	20.8
3232	14.7
3233	49.3
3234	34.2
3235	52.2
3236	36
3237	29.6
3238	43.7
3239	48
3240	39.8
3241	53.3
3242	35.7
3243	32.6
3244	43.6
3245	43.1
3246	46.3
3247	23.2
3248	45.6
3249	33.3
3250	40
3251	38.9
3252	49.5
3253	39.8
3254	14.5
3255	40.7
3256	37.2
3257	44.3
3258	30.2
3259	38.1
3260	27.4
3261	35.3
3262	30
3263	22.4
3264	49.1
3265	40.2
3266	32.4
3267	42.7
3268	46.9
3269	43.4
3270	49.9
3271	44.9
3272	42.5
3273	39.8
3274	43.6
3275	37.8
3276	22.6
3277	48.6
3278	43.9
3279	39.6
3280	49.5
3281	35.3
3282	39.1
3283	46.8
3284	45.9
3285	52.3
3286	38.4
3287	19.3
3288	25.8
3289	41.2
3290	31
3291	27.9
3292	38.6
3293	20.3
3294	48
3295	39
3296	49.3
3297	48.8
3298	47.9
3299	44.1
3300	44.4
3301	38
3302	41.1
3303	23.3
3304	32
3305	30.9
3306	30.3
3307	45.5
3308	50.3
3309	38
3310	40.2
3311	37.5
3312	49.6
3313	42.5
3314	24.3
3315	25.8
3316	26.9
3317	46.1
3318	44.7
3319	52.2
3320	47.7
3321	29.3
3322	52.3
3323	46.3
3324	36.1
3325	24.5
3326	51.9
3327	47.9
3328	40.5
3329	22.3
3330	41
3331	36.9
3332	24.7
3333	35.2
3334	40.5
3335	40.8
3336	32.6
3337	42.1
3338	35.7
3339	35.1
3340	33
3341	24.8
3342	39.4
3343	46.9
3344	39.3
3345	32.7
3346	23.1
3347	20.4
3348	37.4
3349	47.5
3350	37
3351	38.4
3352	42.4
3353	25
3354	37.1
3355	44.8
3356	22.6
3357	25.4
3358	53.9
3359	22.2
3360	37
3361	39.9
3362	43.9
3363	38.5
3364	22.1
3365	41.7
3366	37.9
3367	41.7
3368	53.8
3369	31.1
3370	41.7
3371	37.1
3372	49.5
3373	47.1
3374	45.2
3375	45.8
3376	48.1
3377	45
3378	22.4
3379	48.8
3380	36.6
3381	17.1
3382	48
3383	35.9
3384	48.1
3385	33.1
3386	33.1
3387	40.7
3388	44.6
3389	28.5
3390	50.3
3391	37.6
3392	33.3
3393	41.8
3394	43.1
3395	34
3396	37.7
3397	37.5
3398	40.6
3399	53.4
3400	39.4
3401	33.2
3402	44.3
3403	19.8
3404	30.8
3405	46.5
3406	21.7
3407	46.8
3408	45.2
3409	40.4
3410	45.7
3411	45.1
3412	25.7
3413	38.7
3414	45.6
3415	39.1
3416	41.4
3417	31.4
3418	47.3
3419	30.8
3420	31.5
3421	27.5
3422	40
3423	45
3424	46.3
3425	16
3426	24.3
3427	16.1
3428	17
3429	40.5
3430	15.3
3431	17.7
3432	28.2
3433	44.1
3434	31.1
3435	45.3
3436	50.8
3437	39.6
3438	48.6
3439	52.6
3440	45.4
3441	38.8
3442	34.7
3443	28.6
3444	45
3445	52.1
3446	45.5
3447	47.9
3448	43.8
3449	27.4
3450	46.2
3451	38.2
3452	48.7
3453	54.4
3454	31.6
3455	36.7
3456	48.8
3457	39.6
3458	36.5
3459	45.4
3460	30.2
3461	26.5
3462	19.8
3463	48.5
3464	42.9
3465	43.4
3466	43.2
3467	37.4
3468	19.5
3469	47.5
3470	28.5
3471	25.3
3472	44.7
3473	29
3474	25.7
3475	48.5
3476	31.6
3477	17.3
3478	41.4
3479	34.7
3480	40.5
3481	45.6
3482	40.1
3483	44.7
3484	17
3485	44.2
3486	37.1
3487	38.6
3488	31.7
3489	31.4
3490	15.2
3491	29.4
3492	33.5
3493	40.4
3494	41.4
3495	42.8
3496	43.7
3497	44.7
3498	44.7
3499	47.7
3500	28.3
3501	33
3502	49.9
3503	25.3
3504	39.9
3505	41.8
3506	50.7
3507	43.6
3508	40.3
3509	39.6
3510	49.7
3511	50.7
3512	47.5
3513	37
3514	28.7
3515	33.4
3516	33.3
3517	28.9
3518	40.5
3519	35.4
3520	22.4
3521	38.9
3522	39
3523	34.8
3524	20.2
3525	41.9
3526	30.5
3527	31.4
3528	30.7
3529	39.6
3530	41.3
3531	30.5
3532	55.3
3533	44.8
3534	45
3535	18.5
3536	31.5
3537	36.5
3538	38.1
3539	47.6
3540	44
3541	38.7
3542	44.6
3543	40.9
3544	24.7
3545	44
3546	39.6
3547	28.1
3548	49.4
3549	56.2
3550	39.7
3551	44.2
3552	24.4
3553	48.2
3554	48.2
3555	38.4
3556	38
3557	46
3558	38.9
3559	41.8
3560	24.7
3561	25.6
3562	37.5
3563	47.9
3564	42.5
3565	36.1
3566	17.7
3567	23.3
3568	29.5
3569	24.5
3570	32.2
3571	37.6
3572	28.9
3573	46.2
3574	47.9
3575	46.3
3576	35.7
3577	49.5
3578	40.6
3579	43.8
3580	50.5
3581	44.9
3582	32.1
3583	35
3584	37
3585	49.3
3586	28.8
3587	24.6
3588	42
3589	41.9
3590	42.8
3591	41.9
3592	29.6
3593	25.5
3594	46.7
3595	43.9
3596	46.1
3597	45.7
3598	44.5
3599	45.9
3600	49.9
3601	38.3
3602	18.7
3603	33
3604	44.8
3605	37.4
3606	47.1
3607	25.1
3608	48.1
3609	54.1
3610	26.5
3611	19.3
3612	38.2
3613	18.5
3614	45.5
3615	43.3
3616	36.8
3617	41.6
3618	43.6
3619	21.9
3620	31.8
3621	28.5
3622	47
3623	50.8
3624	16.1
3625	40.5
3626	46.8
3627	25.6
3628	46.5
3629	46.2
3630	21.5
3631	38.3
3632	40.7
3633	43.2
3634	43.6
3635	45.3
3636	43.2
3637	45.3
3638	27.9
3639	43.1
3640	43.7
3641	33.3
3642	26.3
3643	36.3
3644	47.8
3645	28.3
3646	38.5
3647	46.3
3648	44.1
3649	16.9
3650	49.4
3651	47.1
3652	45.4
3653	46.6
3654	47.6
3655	50.6
3656	26.9
3657	42.3
3658	47.3
3659	31.1
3660	30.6
3661	45.1
3662	27.1
3663	42.5
3664	52.5
3665	38.1
3666	42.9
3667	42.7
3668	39.6
3669	41.5
3670	43.9
3671	44.2
3672	49.9
3673	19.7
3674	47.1
3675	30.8
3676	43.2
3677	43.8
3678	26.4
3679	46.3
3680	34.2
3681	27.2
3682	44.2
3683	34.5
3684	43.8
3685	20.2
3686	26.9
3687	43.8
3688	41.7
3689	39.9
3690	49.9
3691	40.8
3692	22.7
3693	49.7
3694	42.4
3695	41.6
3696	26.6
3697	39
3698	28
3699	51.9
3700	39.7
3701	41.5
3702	48.7
3703	51.5
3704	47.4
3705	33
3706	29.6
3707	44.8
3708	26.1
3709	50.2
3710	33.4
3711	42
3712	24.3
3713	50.1
3714	30.6
3715	43
3716	29.7
3717	49.6
3718	57.2
3719	45.5
3720	37.6
3721	52.4
3722	25.1
3723	41.8
3724	42.6
3725	44.9
3726	28.4
3727	51
3728	31.1
3729	17.7
3730	36.3
3731	40.3
3732	36.3
3733	46.6
3734	30.9
3735	33.4
3736	21.6
3737	45.8
3738	32.9
3739	30.8
3740	25.1
3741	35.9
3742	23
3743	40.4
3744	37.5
3745	45.5
3746	51.2
3747	41.1
3748	40.9
3749	33.1
3750	44
3751	25.2
3752	15.3
3753	29.5
3754	43.1
3755	38.1
3756	33.7
3757	44.9
3758	53
3759	39.6
3760	40.3
3761	43.1
3762	32.3
3763	37.6
3764	48.8
3765	38.5
3766	41.9
3767	32.9
3768	40.9
3769	46.7
3770	19
3771	36.6
3772	50
3773	41.9
3774	47.9
3775	36.8
3776	16.7
3777	39.6
3778	54.2
3779	24.2
3780	50.3
3781	31.7
3782	47.2
3783	31.7
3784	46.7
3785	40.7
3786	27.7
3787	30.2
3788	42.5
3789	31.5
3790	38
3791	45.2
3792	20.3
3793	25.1
3794	38
3795	50.5
3796	46.1
3797	36.2
3798	33.5
3799	28
3800	47.8
3801	33.6
3802	30
3803	52.9
3804	45.1
3805	41.8
3806	32.7
3807	39.3
3808	29.7
3809	45.2
3810	36.4
3811	22.9
3812	43.3
3813	37.6
3814	44
3815	40.5
3816	43.9
3817	46.1
3818	40.6
3819	18.2
3820	41.5
3821	36.2
3822	17
3823	32.9
3824	42.8
3825	33.6
3826	40.9
3827	28.2
3828	48.6
3829	40.9
3830	45.1
3831	41.8
3832	48.1
3833	38.8
3834	47.2
3835	39.8
3836	38.4
3837	44.9
3838	40.4
3839	16.1
3840	42.3
3841	21.2
3842	36.7
3843	36.8
3844	17.5
3845	44.3
3846	49.4
3847	35.9
3848	38.3
3849	44.8
3850	39.6
3851	49.9
3852	47.1
3853	40.6
3854	53.9
3855	31.8
3856	21
3857	34.3
3858	34.7
3859	49.5
3860	26.7
3861	47.7
3862	17
3863	38
3864	48.2
3865	39
3866	48.5
3867	37.6
3868	14.7
3869	21.5
3870	41.4
3871	18.3
3872	27.3
3873	47.5
3874	21.7
3875	20.6
3876	45.9
3877	45.4
3878	34.8
3879	41.4
3880	47.2
3881	39.3
3882	31.5
3883	46.1
3884	40.3
3885	46.4
3886	40.7
3887	39.9
3888	44
3889	42.6
3890	38.1
3891	23.5
3892	37.7
3893	20.8
3894	47.8
3895	36.7
3896	36.4
3897	44.4
3898	47.5
3899	21.9
3900	17.1
3901	39.9
3902	23.9
3903	40.6
3904	28.3
3905	27.5
3906	27.4
3907	39.8
3908	47.8
3909	45.3
3910	48.2
3911	16.3
3912	24.5
3913	44.5
3914	43.7
3915	28.2
3916	39.1
3917	43.5
3918	27.2
3919	48.5
3920	40.3
3921	36.5
3922	36.3
3923	48.6
3924	32.3
3925	25
3926	41.3
3927	36.5
3928	32.2
3929	32.9
3930	34.8
3931	27.4
3932	34.3
3933	48.8
3934	37
3935	40
3936	36.8
3937	34.5
3938	45.4
3939	41.9
3940	39.3
3941	29.2
3942	28.3
3943	19.7
3944	25.8
3945	49.1
3946	28.8
3947	29.7
3948	37.5
3949	42.3
3950	34.6
3951	34.7
3952	36.9
3953	24.1
3954	47.6
3955	29.1
3956	49.5
3957	49.2
3958	48.3
3959	42.2
3960	39.8
3961	43.7
3962	44.3
3963	40.6
3964	38.2
3965	30.3
3966	41.8
3967	39.8
3968	47.3
3969	46.2
3970	44.1
3971	44.2
3972	50.2
3973	46.5
3974	37.7
3975	23.9
3976	39
3977	41.9
3978	34.6
3979	39.1
3980	47
3981	26.3
3982	36.5
3983	46.7
3984	48
3985	39.5
3986	18.9
3987	48
3988	44.1
3989	23.6
3990	40.6
3991	39.3
3992	48.5
3993	47.3
3994	37.3
3995	43.8
3996	39.4
3997	43.1
3998	40
3999	36.6
4000	24.6
4001	48.2
4002	47.6
4003	45.4
4004	42.2
4005	41.8
4006	40
4007	27.3
4008	23.5
4009	39
4010	41.1
4011	53.7
4012	44.1
4013	24.7
4014	31.1
4015	42.7
4016	33.7
4017	40.7
4018	28.3
4019	29.5
4020	42.6
4021	35.2
4022	38.1
4023	45.4
4024	37.4
4025	37.7
4026	49.7
4027	35.8
4028	24.9
4029	25.2
4030	15.8
4031	36.1
4032	37.1
4033	33.6
4034	48
4035	33.9
4036	19.1
4037	43.1
4038	28.6
4039	29
4040	40.5
4041	28.9
4042	27.8
4043	47.6
4044	26.5
4045	42
4046	43
4047	46.4
4048	40
4049	46
4050	35.9
4051	29.7
4052	35.9
4053	48.7
4054	44.9
4055	23.8
4056	37.4
4057	26
4058	34
4059	33.8
4060	24.5
4061	30.7
4062	34.2
4063	47.7
4064	45.7
4065	41.4
4066	38.6
4067	34.7
4068	27.6
4069	46.9
4070	32.5
4071	39.8
4072	26
4073	37.2
4074	34.5
4075	28.9
4076	45.6
4077	35.5
4078	40.8
4079	48.5
4080	47
4081	41.5
4082	51.6
4083	15
4084	48.2
4085	40.1
4086	43.2
4087	40.4
4088	40.4
4089	49.7
4090	44.5
4091	41.1
4092	41.3
4093	40.1
4094	33.1
4095	40.4
4096	45.3
4097	36.1
4098	24.2
4099	42.1
4100	47.5
4101	16.2
4102	46.7
4103	40.4
4104	43.1
4105	33.8
4106	40.9
4107	19.2
4108	32.8
4109	26.3
4110	40.2
4111	39.4
4112	38.5
4113	51.7
4114	49.5
4115	41.3
4116	40.2
4117	15.1
4118	27.1
4119	23.6
4120	47.3
4121	36.2
4122	49.4
4123	43.4
4124	44.6
4125	40.3
4126	41
4127	22.5
4128	39.2
4129	44.2
4130	30.7
4131	21.9
4132	46.2
4133	27.2
4134	20.4
4135	42.1
4136	37.1
4137	43
4138	25.6
4139	42.2
4140	34.6
4141	45.2
4142	44.4
4143	32.4
4144	30.6
4145	35.4
4146	39.9
4147	36.4
4148	46.1
4149	46.1
4150	25.5
4151	48.7
4152	45.3
4153	38.6
4154	15.8
4155	15.5
4156	37.6
4157	50.6
4158	23.4
4159	23.1
4160	37.9
4161	39.2
4162	30.8
4163	44.4
4164	38.1
4165	37.7
4166	43.2
4167	35.5
4168	29.2
4169	45.9
4170	47.2
4171	46.2
4172	49.6
4173	48
4174	37.7
4175	37.8
4176	47.5
4177	44.2
4178	37.6
4179	35.9
4180	48
4181	21.3
4182	48.9
4183	37.6
4184	39.6
4185	37.1
4186	20.1
4187	48.8
4188	48.2
4189	48.2
4190	33.1
4191	46.7
4192	18.5
4193	40.2
4194	44.2
4195	33.8
4196	39.6
4197	48.9
4198	43.7
4199	25.9
4200	26
4201	49.1
4202	51.3
4203	53.5
4204	42.7
4205	37.5
4206	51.5
4207	40.2
4208	43.3
4209	40.8
4210	47.4
4211	30
4212	35.6
4213	46.4
4214	43.7
4215	35
4216	47.2
4217	47
4218	43.5
4219	48.2
4220	39.1
4221	53.1
4222	44.7
4223	44.3
4224	50.6
4225	20.3
4226	19.7
4227	37.1
4228	34.5
4229	42
4230	45.4
4231	50.4
4232	41.5
4233	40.3
4234	34.9
4235	43.4
4236	38.2
4237	46
4238	50
4239	53.1
4240	47.6
4241	48.8
4242	42.8
4243	16.5
4244	31.7
4245	31.2
4246	21.6
4247	50.2
4248	32.7
4249	45
4250	37.1
4251	42.3
4252	44.9
4253	48.1
4254	42.5
4255	44.2
4256	42.9
4257	29.1
4258	50.4
4259	49.4
4260	38.5
4261	35
4262	38.6
4263	28.2
4264	46.7
4265	37.3
4266	38.4
4267	32
4268	47.5
4269	42.5
4270	43.1
4271	40.2
4272	20.2
4273	34.4
4274	44.1
4275	37.2
4276	43.6
4277	38.3
4278	49.3
4279	41.2
4280	49.7
4281	45.3
4282	36.4
4283	54.8
4284	24.7
4285	30.2
4286	18.6
4287	34.3
4288	49
4289	35
4290	44.8
4291	36.1
4292	42.9
4293	41
4294	51.6
4295	20.6
4296	36.7
4297	45.6
4298	21.8
4299	43.2
4300	48.4
4301	49.1
4302	40.8
4303	15.3
4304	22.4
4305	55
4306	41.8
4307	32.4
4308	46
4309	46.5
4310	27
4311	47.1
4312	43
4313	48.3
4314	44.5
4315	46.8
4316	37.1
4317	32.1
4318	40.4
4319	45.6
4320	33.9
4321	35.5
4322	36.7
4323	39.5
4324	47.2
4325	39.9
4326	22.4
4327	32.5
4328	19.9
4329	23.8
4330	26.2
4331	23.7
4332	47.2
4333	22.7
4334	43
4335	39.5
4336	20.5
4337	32.5
4338	42.1
4339	29.7
4340	27.9
4341	40.4
4342	32
4343	35.8
4344	41.7
4345	34.5
4346	33.5
4347	40.7
4348	19.4
4349	46
4350	40.5
4351	46
4352	27.3
4353	49.4
4354	50.1
4355	32
4356	46.3
4357	33.3
4358	32.3
4359	27.3
4360	44.6
4361	33.6
4362	43.6
4363	43
4364	36.5
4365	27.6
4366	21.6
4367	37
4368	50.6
4369	42.1
4370	45.8
4371	36.3
4372	48.6
4373	31.7
4374	47.5
4375	42.4
4376	32.4
4377	42.8
4378	42.7
4379	46.1
4380	43.8
4381	33.8
4382	53.2
4383	46.9
4384	39.7
4385	25.4
4386	50.6
4387	50.1
4388	48.6
4389	54.1
4390	22.8
4391	41.4
4392	51.7
4393	37.8
4394	44.2
4395	45.7
4396	34.5
4397	49.4
4398	39.2
4399	38.2
4400	33.3
4401	26.5
4402	45.6
4403	39.6
4404	51
4405	33.7
4406	45.3
4407	41.4
4408	34.4
4409	34.5
4410	40.8
4411	50.6
4412	49.5
4413	47.5
4414	31.3
4415	34.7
4416	37.4
4417	38.4
4418	46.4
4419	48.4
4420	36.1
4421	47.5
4422	45.9
4423	46.3
4424	17.4
4425	48.6
4426	34.6
4427	43.1
4428	23
4429	45.1
4430	45
4431	29
4432	51.7
4433	54.7
4434	39.1
4435	21.9
4436	34.2
4437	46.8
4438	46.6
4439	49.3
4440	28
4441	43.1
4442	19.2
4443	22.9
4444	45.8
4445	44.9
4446	25.6
4447	46.4
4448	53.3
4449	23.4
4450	23.8
4451	39.9
4452	38.8
4453	44.3
4454	48.3
4455	48.9
4456	42
4457	48
4458	49.5
4459	41.3
4460	45.3
4461	52
4462	40
4463	42.9
4464	24.1
4465	30.3
4466	50.5
4467	20.3
4468	37.6
4469	45.7
4470	46.4
4471	34.4
4472	52.1
4473	40.7
4474	21.4
4475	36.2
4476	45.3
4477	36.9
4478	48.1
4479	44.7
4480	40.3
4481	35
4482	47.9
4483	37.1
4484	26.4
4485	47.2
4486	44.9
4487	47.7
4488	44.9
4489	47.4
4490	46.5
4491	19.2
4492	24.4
4493	26.1
4494	44.3
4495	48.2
4496	41.7
4497	49.2
4498	26.2
4499	33.6
4500	47.7
4501	44.3
4502	29.8
4503	27
4504	40.5
4505	43.2
4506	43
4507	42.8
4508	43.9
4509	34.2
4510	39.3
4511	43.6
4512	46
4513	40.3
4514	28.6
4515	46.8
4516	41.4
4517	36.6
4518	53
4519	47.7
4520	41.4
4521	49.2
4522	19.8
4523	46.5
4524	47.9
4525	40
4526	26.7
4527	44.9
4528	20.2
4529	46.6
4530	42.3
4531	38.3
4532	16.3
4533	47.1
4534	42.6
4535	35.6
4536	43.6
4537	18.1
4538	40.3
4539	50.9
4540	42
4541	52.2
4542	18.7
4543	46.8
4544	21.1
4545	36.4
4546	43.1
4547	47.6
4548	51.7
4549	40.5
4550	19.5
4551	21.3
4552	44.3
4553	43.6
4554	44.8
4555	43.1
4556	50.5
4557	47.3
4558	39.6
4559	38.6
4560	47.9
4561	38.9
4562	36.6
4563	35.5
4564	34.1
4565	22.4
4566	45.3
4567	46.2
4568	45.9
4569	33.4
4570	41.3
4571	36.7
4572	16.1
4573	46.9
4574	48
4575	20.1
4576	48.1
4577	44.2
4578	34.6
4579	37.7
4580	33.2
4581	35.4
4582	39.7
4583	40.6
4584	38.9
4585	40.8
4586	26.4
4587	41.8
4588	38.6
4589	25.2
4590	30.6
4591	27.1
4592	31.3
4593	42.7
4594	49.4
4595	47.5
4596	55.8
4597	40.2
4598	42.1
4599	18.3
4600	53.9
4601	45.5
4602	44.1
4603	37.9
4604	39.3
4605	50.5
4606	19.8
4607	48.7
4608	21.7
4609	43
4610	32.8
4611	43.1
4612	52
4613	52.6
4614	31.9
4615	35.9
4616	42.3
4617	43
4618	38.7
4619	39.4
4620	45.7
4621	19.5
4622	47.9
4623	42.7
4624	34.1
4625	46.8
4626	44
4627	33.9
4628	39.7
4629	27.2
4630	41.1
4631	45.7
4632	41
4633	19
4634	44.7
4635	33.4
4636	47.5
4637	39.2
4638	37.9
4639	35.8
4640	44.1
4641	41.2
4642	41.3
4643	34.6
4644	44.9
4645	14.3
4646	43.3
4647	27.1
4648	47.3
4649	38.1
4650	42.1
4651	37.1
4652	33
4653	46.4
4654	36
4655	35.9
4656	39.4
4657	45.7
4658	36.8
4659	43.9
4660	25.9
4661	32.3
4662	50.1
4663	33.9
4664	45.7
4665	28.3
4666	21
4667	37.7
4668	39.4
4669	40.5
4670	46.1
4671	31.5
4672	47.2
4673	24.7
4674	42.2
4675	48.1
4676	35.2
4677	16
4678	20.6
4679	39.4
4680	41.2
4681	42.5
4682	40.5
4683	33.5
4684	46
4685	44.4
4686	44.5
4687	14.2
4688	34
4689	41.6
4690	29.5
4691	32.8
4692	50.7
4693	49.3
4694	34.9
4695	38.2
4696	27.9
4697	32.7
4698	43.8
4699	45.7
4700	39.3
4701	26.5
4702	34.3
4703	43.1
4704	40.6
4705	40.2
4706	49.2
4707	45.9
4708	38.9
4709	41.1
4710	45.7
4711	25.1
4712	33.1
4713	42.5
4714	44.4
4715	43.9
4716	22.4
4717	52.1
4718	43.4
4719	28.9
4720	23.8
4721	46.5
4722	46
4723	48.6
4724	31.7
4725	44.8
4726	48.4
4727	33.2
4728	14
4729	20.8
4730	46
4731	44.7
4732	50.1
4733	50.4
4734	26.6
4735	51.2
4736	30.4
4737	43
4738	29.9
4739	52.6
4740	54.6
4741	43.5
4742	41.1
4743	47.7
4744	45.5
4745	42.2
4746	53.7
4747	18.5
4748	38.3
4749	20.8
4750	27.6
4751	30.8
4752	51.6
4753	41
4754	41.5
4755	19.1
4756	52.5
4757	51.7
4758	27.2
4759	27.4
4760	16.5
4761	19.1
4762	40.8
4763	44.2
4764	38.7
4765	37.4
4766	39.6
4767	44.7
4768	44.3
4769	40.5
4770	28
4771	44.6
4772	47.5
4773	20.3
4774	46.6
4775	53
4776	44.8
4777	31.5
4778	40.4
4779	45.4
4780	46
4781	32
4782	42
4783	24.1
4784	34.8
4785	40.1
4786	31.3
4787	42.8
4788	23.1
4789	32.5
4790	39.7
4791	38.3
4792	47.6
4793	36
4794	44
4795	37.7
4796	42.8
4797	39.9
4798	15.9
4799	48.6
4800	45.2
4801	36.3
4802	29.9
4803	28.7
4804	25
4805	52.4
4806	32.5
4807	40.9
4808	39.7
4809	46.7
4810	36.1
4811	41.1
4812	38.4
4813	26.5
4814	30.7
4815	41.5
4816	48
4817	45.5
4818	40.2
4819	47.1
4820	29.6
4821	39.6
4822	44.2
4823	21.7
4824	33.1
4825	44.2
4826	42.7
4827	46.3
4828	40.9
4829	42.7
4830	29.8
4831	53.3
4832	48.6
4833	42.6
4834	40.5
4835	49
4836	37.6
4837	37
4838	42.5
4839	40.9
4840	37.5
4841	35.3
4842	35
4843	29.2
4844	38.3
4845	40.7
4846	28.9
4847	40.2
4848	39
4849	16.2
4850	33.4
4851	48.3
4852	38.6
4853	13.9
4854	43.5
4855	41.1
4856	48.6
4857	43.3
4858	22.4
4859	36.7
4860	39.3
4861	15.8
4862	46.6
4863	35.2
4864	60.6
4865	42.3
4866	32.5
4867	21.7
4868	48
4869	53.9
4870	30
4871	42.9
4872	19.1
4873	32.8
4874	41.8
4875	49.5
4876	38.5
4877	45.4
4878	28.6
4879	45.9
4880	27.4
4881	51.2
4882	42.5
4883	45.1
4884	46.4
4885	25.1
4886	38.6
4887	43.1
4888	39.3
4889	34.9
4890	20.1
4891	44.7
4892	43.1
4893	51.4
4894	40.6
4895	44.9
4896	32.7
4897	35.8
4898	43.3
4899	36.8
4900	22.3
4901	41.8
4902	46
4903	39.3
4904	28.2
4905	39.4
4906	39.8
4907	39.8
4908	29.3
4909	20.9
4910	38.8
4911	40.2
4912	41.1
4913	49
4914	45.1
4915	38.2
4916	36.9
4917	29.5
4918	39.2
4919	39.3
4920	45.3
4921	32.2
4922	42.6
4923	43
4924	31.3
4925	38.1
4926	32.9
4927	46.2
4928	32
4929	35.7
4930	40.6
4931	46.9
4932	42.3
4933	45.4
4934	47.8
4935	24.4
4936	34.3
4937	40.1
4938	49.7
4939	28.5
4940	49.1
4941	40.1
4942	35.1
4943	38.2
4944	48.4
4945	54.2
4946	43.3
4947	48.8
4948	42
4949	42.6
4950	48.6
4951	26.8
4952	46.2
4953	44.5
4954	40
4955	20.1
4956	46.6
4957	42.1
4958	20.9
4959	31.2
4960	40.9
4961	43.7
4962	33.4
4963	25.2
4964	37.6
4965	31.5
4966	49.3
4967	49.7
4968	41
4969	40.8
4970	16.9
4971	33.1
4972	47.2
4973	44.8
4974	30
4975	29.4
4976	41.3
4977	48.1
4978	44.1
4979	43.9
4980	41.9
4981	49.2
4982	35.1
4983	43.1
4984	21.5
4985	43.1
4986	22.7
4987	33.2
4988	45.5
4989	49.1
4990	46.2
4991	42.9
4992	42.7
4993	41
4994	40.9
4995	44.3
4996	37.6
4997	41.3
4998	48.7
4999	49
5000	49
