1	33.4
2	38.3
3	37.2
4	52.8
5	43.1
6	27.6
7	41.2
8	23.1
9	39.4
10	39.8
11	24.5
12	36.9
13	41.2
14	39
15	42.9
16	43
17	47
18	33.1
19	49.4
20	45.2
21	39.1
22	25.8
23	40.1
24	54.2
25	34.6
26	32.2
27	48.8
28	18
29	31
30	21.1
31	45.2
32	38.5
33	51.3
34	43
35	43.4
36	23.8
37	39.9
38	28.4
39	43.3
40	23.7
41	40.5
42	43.1
43	19.4
44	48.3
45	20.4
46	34.4
47	39
48	45.3
49	30.5
50	48.6
51	42.5
52	42.5
53	51.3
54	44.8
55	39.4
56	43.6
57	33.2
58	45.7
59	19.9
60	39.4
61	39.3
62	35.9
63	47
64	51.5
65	47
66	48
67	21.6
68	44.5
69	31.5
70	33.2
71	28.4
72	41.6
73	40.6
74	40.2
75	53.2
76	45
77	45.6
78	31.6
79	23.8
80	51.2
81	37.5
82	48.3
83	21.3
84	42.2
85	38.8
86	44.3
87	46.5
88	43.5
89	44.5
90	31.7
91	31.6
92	20.1
93	49.6
94	36.5
95	32.1
96	22.6
97	49.8
98	43.8
99	46.4
100	38.3
101	32
102	41.6
103	44.8
104	35.5
105	27.4
106	29.6
107	35.9
108	41.5
109	27.9
110	40.6
111	35.8
112	25.8
113	32.8
114	38.4
115	36.3
116	36.6
117	33.8
118	35.1
119	35.9
120	38.6
121	27.7
122	30.8
123	34.8
124	33.5
125	36.7
126	15.7
127	39
128	44.1
129	46.8
130	19.8
131	50.4
132	39.4
133	27.1
134	47.7
135	41.6
136	39.9
137	31.1
138	37.1
139	44.8
140	38.2
141	36.3
142	55.9
143	35.6
144	46.6
145	26.8
146	23.8
147	33.1
148	29.6
149	45.1
150	48.9
151	42.8
152	41.2
153	39
154	22.5
155	35.2
156	22.1
157	41.9
158	48.2
159	34.2
160	10.8
161	38
162	46.6
163	42.1
164	45.6
165	21.1
166	23.2
167	42.8
168	35.5
169	31
170	31.2
171	36.3
172	42.9
173	42.2
174	40.8
175	26.8
176	30
177	25.5
178	22.8
179	29
180	21.6
181	49.4
182	49.4
183	29.5
184	43.4
185	25.3
186	31.7
187	49.3
188	19.4
189	37.6
190	18.8
191	39.5
192	30.3
193	21.6
194	43.6
195	38.7
196	36.1
197	50.8
198	40.2
199	42.7
200	47.2
201	45.8
202	39.7
203	44.1
204	35
205	41.6
206	38.2
207	46.3
208	39.9
209	29.1
210	42.6
211	47.4
212	28.2
213	36.8
214	38.3
215	37.3
216	24
217	50.7
218	47
219	41.1
220	34.8
221	25.5
222	38
223	53.9
224	39.4
225	30.5
226	37.9
227	41.9
228	42.8
229	10.9
230	41
231	42.1
232	45.7
233	43.1
234	17.4
235	32.8
236	44.9
237	39.1
238	26.3
239	41.2
240	20.3
241	45.8
242	48
243	23
244	37
245	39
246	19.4
247	34
248	44.6
249	27.2
250	20.2
251	30.5
252	31.7
253	50.9
254	49
255	49.5
256	34.2
257	29.3
258	38
259	46.7
260	41.3
261	45.4
262	13.2
263	47.6
264	37.7
265	41.1
266	48
267	30.8
268	45.4
269	40.6
270	49.5
271	21.4
272	37.8
273	45.2
274	22.8
275	26.6
276	42.1
277	40.7
278	44
279	33.4
280	42.7
281	33.8
282	39.7
283	15.3
284	35.9
285	30.7
286	48.6
287	44.1
288	42.7
289	50.1
290	49.8
291	49.1
292	38.8
293	46.6
294	45.1
295	44.4
296	45.7
297	16.7
298	34.2
299	37.8
300	19.5
301	21.4
302	45.7
303	22.8
304	31.2
305	37
306	46.9
307	43.9
308	39.7
309	25.7
310	34.3
311	36
312	16.4
313	24.1
314	31.6
315	49
316	46.4
317	45.3
318	46.6
319	37.9
320	34.1
321	40.6
322	35.5
323	34.5
324	50
325	40.6
326	47.8
327	39.1
328	25.5
329	48
330	44.4
331	48.7
332	18.7
333	51.4
334	21.5
335	46.9
336	29.9
337	44.7
338	15.9
339	47.3
340	23.9
341	17.4
342	31.6
343	49.3
344	40.1
345	38.9
346	45
347	45
348	29.8
349	42.1
350	27.7
351	49.5
352	42.9
353	32.4
354	25.7
355	45.2
356	51.5
357	45.2
358	33.4
359	34.6
360	33.6
361	40.7
362	43.3
363	38
364	27.6
365	30
366	23.3
367	26.5
368	40.9
369	40.1
370	42.9
371	36.3
372	23.9
373	39.8
374	44.5
375	20.2
376	38.7
377	50.3
378	26.6
379	47.6
380	28.1
381	21.2
382	50.7
383	55.5
384	37
385	41.2
386	26
387	44.9
388	24
389	38.1
390	28.8
391	40.4
392	41.9
393	39.3
394	30.9
395	40.2
396	36.4
397	40.3
398	23.4
399	36.5
400	14.1
401	30.6
402	20.5
403	28.5
404	43.8
405	40.9
406	40.5
407	32
408	19.1
409	31.1
410	45.6
411	33.4
412	26.5
413	41.3
414	26.9
415	45.1
416	22.4
417	37.7
418	41.4
419	45.1
420	50.4
421	20.2
422	46.1
423	43.2
424	25.9
425	32.7
426	35.1
427	33.6
428	44.2
429	41.2
430	41.9
431	40.5
432	35.5
433	29.1
434	41.3
435	49.3
436	33.4
437	45.4
438	44.1
439	18.7
440	37.6
441	35.9
442	30.1
443	18.2
444	38.2
445	44.4
446	43.9
447	37.5
448	30
449	36.2
450	43.5
451	42.5
452	23.2
453	40.2
454	45.5
455	47.3
456	38.8
457	45
458	36.3
459	23.8
460	41.1
461	29
462	41.5
463	50.9
464	29.9
465	43.8
466	35.4
467	36.1
468	18.6
469	43.4
470	21.6
471	24.6
472	41.6
473	42
474	43.1
475	46.8
476	42.2
477	40.5
478	32.9
479	34.5
480	43.5
481	24
482	36.9
483	29.4
484	35.9
485	24.1
486	22.1
487	47.4
488	48.4
489	53.3
490	36
491	27.6
492	31.7
493	21
494	33.6
495	38.8
496	17.7
497	35.9
498	41.8
499	16
500	33.6
501	34.9
502	46.3
503	29.7
504	19.5
505	25.5
506	43.4
507	35.6
508	51.2
509	16.3
510	39.6
511	38
512	48.5
513	40.2
514	43.5
515	49.9
516	16.8
517	46.7
518	47.9
519	35.6
520	32.6
521	39.6
522	42.2
523	26.4
524	36.8
525	46.6
526	37.3
527	46.4
528	40.4
529	39.8
530	42.8
531	46.8
532	34.5
533	21.6
534	35.9
535	46.4
536	40.2
537	43.9
538	17.5
539	45.6
540	35.3
541	30.7
542	39.9
543	45.2
544	46.4
545	35.6
546	17.5
547	16.9
548	44.3
549	37
550	44
551	35.3
552	32.5
553	42.4
554	46.5
555	48
556	42.3
557	17.3
558	39.5
559	34.9
560	34.7
561	39.6
562	33.8
563	40.9
564	24
565	33.8
566	37.8
567	31.2
568	16.2
569	45.2
570	26.9
571	50.3
572	29.1
573	41.6
574	29.1
575	46.6
576	46.5
577	42.5
578	27.5
579	18.3
580	44.7
581	37.5
582	39.2
583	16.8
584	35.9
585	41.7
586	47
587	43.8
588	23.8
589	46.9
590	43.8
591	30.4
592	40
593	31
594	44.6
595	37.7
596	42.2
597	41.9
598	38.2
599	42.6
600	33.3
601	52.4
602	35.8
603	34.3
604	42.2
605	30.4
606	51.9
607	44.2
608	36.4
609	16.6
610	38.8
611	42.9
612	47.5
613	41.8
614	39.8
615	46.4
616	47.7
617	47.1
618	24.4
619	39.4
620	41.3
621	36.2
622	37.9
623	33.3
624	47.4
625	30.7
626	29.5
627	19.1
628	11.7
629	45.1
630	27.7
631	30.2
632	38.4
633	36.9
634	29.6
635	41.5
636	40.3
637	47.4
638	15.7
639	47.5
640	43.5
641	37.6
642	38.6
643	47.9
644	24.8
645	36.5
646	20.4
647	44.5
648	39.1
649	31.1
650	39.5
651	25.9
652	47.3
653	27.2
654	43.8
655	39
656	17.7
657	22.7
658	38.1
659	41.3
660	23.1
661	52.6
662	30.4
663	37.8
664	38.7
665	47.6
666	45.4
667	45.9
668	36
669	33.5
670	23
671	45.6
672	27.5
673	38.7
674	48.6
675	43.4
676	41.7
677	41.8
678	40.6
679	31.2
680	47.8
681	38.6
682	41.9
683	34
684	42.6
685	41.3
686	32.6
687	41
688	37.7
689	31.4
690	29.3
691	17
692	39
693	21.1
694	44.3
695	27.8
696	17.5
697	41.2
698	33.4
699	38.7
700	37.9
701	40.5
702	45.9
703	40.6
704	46.7
705	36.2
706	45.9
707	43.8
708	45.6
709	47.7
710	40.3
711	23.3
712	43.3
713	27.6
714	27.7
715	41.1
716	46.4
717	34.2
718	39
719	20.8
720	23.3
721	21.2
722	41.8
723	34.4
724	47.6
725	38.1
726	43.6
727	39.2
728	36.7
729	27
730	37.8
731	33.5
732	43.6
733	37.3
734	48.8
735	36.5
736	23.2
737	38.1
738	22.3
739	46.6
740	35.9
741	39.4
742	39.6
743	43.9
744	41.6
745	34.7
746	31.6
747	47.2
748	36.1
749	47
750	39.8
751	45.5
752	38
753	21.3
754	21.2
755	45.2
756	48
757	37.1
758	41.8
759	39.9
760	26.7
761	41.9
762	40.6
763	22.3
764	37.8
765	36.5
766	36.1
767	20.9
768	37.6
769	40.5
770	36
771	35.2
772	43.5
773	44.7
774	15.1
775	47.5
776	33.8
777	41.9
778	38.9
779	34.6
780	37.8
781	51.3
782	56.7
783	26.4
784	30.3
785	41.3
786	43.4
787	25.1
788	16.7
789	40.3
790	28
791	26.6
792	24.4
793	41.3
794	47.6
795	31.7
796	42.8
797	44.2
798	42.2
799	39.6
800	22.2
801	25.4
802	40.5
803	32
804	47.2
805	25.1
806	46.3
807	40.7
808	23.2
809	41.9
810	42.6
811	46.2
812	47.3
813	43.8
814	34.4
815	47.9
816	24.7
817	46.9
818	35.1
819	19.5
820	50.4
821	44.1
822	47
823	35
824	28.5
825	40.5
826	25.2
827	37.5
828	48.1
829	49.5
830	39.9
831	41.4
832	38
833	33.4
834	43
835	24.5
836	20.7
837	41.9
838	43
839	27
840	51.9
841	45.4
842	26.7
843	42.1
844	17.6
845	39.8
846	39.9
847	21.6
848	47.3
849	46.8
850	53.6
851	29.4
852	33.1
853	30.1
854	45.1
855	44.6
856	51.1
857	16.5
858	36.9
859	44.2
860	45.8
861	37.6
862	50.7
863	13.9
864	48.2
865	39.5
866	51.5
867	42
868	32.2
869	40.2
870	33.5
871	49.1
872	50
873	33.6
874	22.8
875	29.5
876	30.4
877	52.9
878	30.3
879	44
880	48.3
881	53.6
882	30.6
883	28.8
884	43.3
885	38.4
886	39.6
887	28.4
888	39.2
889	38.7
890	37.4
891	45.4
892	30
893	37.7
894	30.1
895	31.7
896	49
897	43.3
898	17.7
899	42.1
900	44.4
901	32.7
902	44.9
903	50.2
904	37.2
905	14.8
906	16.9
907	44.3
908	22.9
909	42.8
910	51.8
911	49.8
912	22.4
913	38
914	36.5
915	38.6
916	34.4
917	22.5
918	52.9
919	40.6
920	34.1
921	30.7
922	43.8
923	40.7
924	31.1
925	51
926	51.9
927	42.8
928	46.2
929	29.3
930	45.5
931	50.9
932	49.5
933	44.9
934	33.2
935	28.6
936	49.4
937	43.1
938	30.9
939	31.7
940	19.3
941	39.6
942	39
943	49.7
944	40
945	40.7
946	30.6
947	30.3
948	38.9
949	42
950	40.1
951	39.1
952	48.4
953	44.5
954	41.2
955	43.7
956	16.8
957	43.1
958	35.7
959	43.2
960	26.5
961	27.1
962	33.1
963	20.2
964	42.7
965	32.6
966	39.6
967	45.5
968	34.2
969	26.9
970	14.6
971	43.8
972	22.2
973	30.7
974	31.7
975	36.6
976	45.8
977	43.1
978	40.6
979	36.1
980	37.4
981	37.6
982	47.6
983	46.4
984	41.2
985	46.2
986	43.9
987	40.6
988	18.5
989	52
990	39.7
991	21.5
992	22.2
993	44.2
994	41.6
995	45.2
996	41.7
997	31.8
998	35.8
999	45.2
1000	40.1
1001	43.8
1002	34.5
1003	25
1004	46.6
1005	32.5
1006	42.3
1007	19.8
1008	43.9
1009	28.2
1010	41
1011	36.4
1012	21.2
1013	24.9
1014	15.4
1015	36.5
1016	25.2
1017	46.9
1018	36.8
1019	41.2
1020	45
1021	39.4
1022	30.2
1023	50.3
1024	33.1
1025	39.1
1026	23.6
1027	46.8
1028	46.4
1029	32.7
1030	21.6
1031	40.3
1032	31.6
1033	25.2
1034	31.2
1035	31.4
1036	27.9
1037	52.4
1038	37.2
1039	41.5
1040	31
1041	16.3
1042	49
1043	41.8
1044	43.6
1045	40.8
1046	43.4
1047	23.1
1048	28.9
1049	43.9
1050	48.1
1051	33.4
1052	33.5
1053	38.9
1054	24.4
1055	27.9
1056	36.1
1057	38.5
1058	46.3
1059	43.2
1060	47.7
1061	43.7
1062	45.5
1063	30.7
1064	45
1065	25
1066	24.1
1067	35.9
1068	50
1069	38
1070	32.8
1071	24.4
1072	42.5
1073	29.5
1074	44.7
1075	34.9
1076	33.7
1077	50
1078	42.3
1079	40.5
1080	43.5
1081	40.7
1082	15.4
1083	34
1084	37.8
1085	40.3
1086	40.5
1087	43.7
1088	45.9
1089	37.5
1090	39.3
1091	43.4
1092	45.4
1093	32
1094	47.1
1095	32.6
1096	22.7
1097	29.3
1098	35.3
1099	45
1100	39.9
1101	22.7
1102	31.1
1103	49.9
1104	40.9
1105	40.6
1106	39.6
1107	47.7
1108	31.6
1109	35
1110	27
1111	48.4
1112	48.1
1113	40.7
1114	44.8
1115	40
1116	34.4
1117	24.8
1118	45.3
1119	30.4
1120	20.9
1121	33.4
1122	18
1123	47.1
1124	39.1
1125	44.8
1126	37
1127	33.8
1128	38.2
1129	30.8
1130	39.1
1131	34.6
1132	46
1133	42.4
1134	39.3
1135	34
1136	41.7
1137	40.3
1138	35.7
1139	22.5
1140	49.1
1141	31.9
1142	22.2
1143	38.1
1144	20.3
1145	45.1
1146	21.2
1147	32.4
1148	28.9
1149	37
1150	16.8
1151	24
1152	39.8
1153	52.9
1154	33.6
1155	21.6
1156	30
1157	39
1158	21.9
1159	19.5
1160	35.2
1161	33.5
1162	28.6
1163	27.1
1164	45
1165	13.9
1166	40.8
1167	40.7
1168	28.1
1169	35.5
1170	40.9
1171	41.4
1172	40.5
1173	42.1
1174	51.9
1175	39.9
1176	27.5
1177	38.7
1178	43
1179	28.2
1180	32.9
1181	38.3
1182	18.8
1183	31.5
1184	41
1185	31.9
1186	47.5
1187	42.5
1188	44.1
1189	40.5
1190	16.8
1191	23.4
1192	44.6
1193	42.8
1194	31.5
1195	54.4
1196	14.8
1197	35
1198	42.7
1199	27.1
1200	25.2
1201	52.7
1202	46.4
1203	34.4
1204	45.7
1205	29.2
1206	36.4
1207	47.8
1208	52
1209	22.3
1210	44.6
1211	26.7
1212	45.3
1213	52.9
1214	18.9
1215	38
1216	41.8
1217	17.7
1218	17
1219	38.8
1220	43.8
1221	38.3
1222	33.6
1223	43.7
1224	39.4
1225	23.2
1226	43.7
1227	30.8
1228	32.1
1229	47.6
1230	33.5
1231	15.2
1232	42.8
1233	46.4
1234	15.1
1235	36.9
1236	29
1237	35
1238	38.6
1239	48.9
1240	26.4
1241	24.8
1242	42.8
1243	37
1244	39.6
1245	18.9
1246	34.2
1247	43.1
1248	45.6
1249	50.8
1250	42.3
1251	26.6
1252	40.1
1253	22.6
1254	34.6
1255	25.6
1256	49.2
1257	42.6
1258	42.1
1259	30.8
1260	18.5
1261	40.1
1262	28.6
1263	24.3
1264	47.1
1265	34.1
1266	31.3
1267	37.1
1268	32.6
1269	31.7
1270	43.3
1271	33.8
1272	45.7
1273	31.2
1274	38.9
1275	26.8
1276	37.6
1277	38.4
1278	36.5
1279	41.8
1280	49.8
1281	50.3
1282	42.5
1283	20.1
1284	41.2
1285	36.8
1286	51.7
1287	48
1288	38.6
1289	48.3
1290	43.1
1291	23.6
1292	29.8
1293	37.1
1294	37.2
1295	47
1296	42.9
1297	37.7
1298	44.4
1299	45.5
1300	39.4
1301	45.4
1302	39.7
1303	44.1
1304	44.7
1305	48.8
1306	34
1307	47.9
1308	30.9
1309	17.7
1310	52.2
1311	35.8
1312	19.6
1313	39.2
1314	17.3
1315	48.6
1316	25.6
1317	44.6
1318	45.8
1319	45.2
1320	39.7
1321	28.5
1322	45.7
1323	19.5
1324	42.1
1325	41.4
1326	21.3
1327	38.9
1328	41.9
1329	44.3
1330	41.1
1331	42.3
1332	46.2
1333	22.4
1334	44.2
1335	22
1336	43.2
1337	31.5
1338	49.8
1339	38
1340	35.2
1341	48.6
1342	24.1
1343	42.4
1344	33.8
1345	41.2
1346	21
1347	36.2
1348	37.8
1349	16.7
1350	38.9
1351	37.7
1352	32.3
1353	47.8
1354	46.7
1355	40.3
1356	35.4
1357	40.2
1358	48.1
1359	44.1
1360	32.2
1361	40.6
1362	42.7
1363	40
1364	42.3
1365	18.2
1366	37
1367	34.5
1368	33.4
1369	46.5
1370	28.8
1371	45.5
1372	46.1
1373	46
1374	48.5
1375	18
1376	26.4
1377	45
1378	36.7
1379	46.8
1380	40.1
1381	41.2
1382	34.5
1383	42.6
1384	53.3
1385	35.6
1386	41.2
1387	44.1
1388	37
1389	21.3
1390	39.8
1391	36.9
1392	49.4
1393	30.6
1394	34.3
1395	43.8
1396	38.2
1397	31.9
1398	44.5
1399	39
1400	33.3
1401	39.5
1402	38.4
1403	40.2
1404	26.7
1405	42
1406	39.6
1407	27
1408	24.8
1409	21.2
1410	38.2
1411	17.4
1412	31.9
1413	41.2
1414	37
1415	38.1
1416	46.6
1417	17.7
1418	46.5
1419	22.5
1420	43.3
1421	26.8
1422	49.4
1423	46.6
1424	39.1
1425	43.9
1426	42.6
1427	40.3
1428	24.6
1429	19.1
1430	35.7
1431	33
1432	41.9
1433	43.3
1434	32.3
1435	36.5
1436	41.7
1437	39.2
1438	31.9
1439	43.9
1440	42.5
1441	46
1442	35.4
1443	28.2
1444	30.5
1445	45.4
1446	32.1
1447	39.1
1448	23.8
1449	25.8
1450	31.9
1451	36.2
1452	31.3
1453	28.2
1454	38.8
1455	47.8
1456	44.2
1457	50.7
1458	38.5
1459	46.5
1460	37.4
1461	33.9
1462	36.7
1463	44.4
1464	34.5
1465	49.2
1466	31.7
1467	18.9
1468	33.3
1469	42.8
1470	26.2
1471	40.7
1472	27.9
1473	41.2
1474	44
1475	30
1476	45.9
1477	40.7
1478	39.2
1479	20.7
1480	41.4
1481	37.2
1482	39.7
1483	18.5
1484	30.5
1485	20
1486	40.7
1487	37
1488	38.9
1489	31.3
1490	31.3
1491	44.8
1492	40.5
1493	35.1
1494	33.8
1495	19.9
1496	27.6
1497	36.5
1498	39.5
1499	25.9
1500	39.1
1501	36.2
1502	36.8
1503	37.7
1504	43.5
1505	52.6
1506	42.3
1507	43
1508	23
1509	45.3
1510	38.6
1511	39.3
1512	31.4
1513	41.1
1514	33.8
1515	45.2
1516	38.4
1517	50.1
1518	42
1519	43.7
1520	42.6
1521	44.1
1522	47.4
1523	38.9
1524	49.9
1525	41.2
1526	37.2
1527	49.3
1528	38.5
1529	26.9
1530	41.1
1531	32.6
1532	27.2
1533	18.9
1534	23.1
1535	40.1
1536	48.1
1537	38
1538	43.6
1539	48.6
1540	32.6
1541	36.1
1542	46
1543	47.3
1544	29.4
1545	45.8
1546	24.7
1547	19.6
1548	47
1549	31.3
1550	35.2
1551	37
1552	47.3
1553	41.4
1554	37
1555	44.5
1556	43
1557	31
1558	22.1
1559	40.4
1560	29
1561	33.2
1562	30.5
1563	48.8
1564	50.5
1565	35.8
1566	41
1567	46.2
1568	22.6
1569	26.3
1570	33.4
1571	42.4
1572	36.8
1573	55
1574	46.6
1575	41.4
1576	44.3
1577	34.3
1578	21
1579	49.1
1580	44.2
1581	25.1
1582	30.8
1583	40.1
1584	42.9
1585	46.7
1586	33.6
1587	27.7
1588	22.9
1589	26.5
1590	42.3
1591	30.4
1592	36.2
1593	50
1594	33.7
1595	35
1596	38.4
1597	19.9
1598	50.1
1599	33.1
1600	49.5
1601	45.8
1602	46.7
1603	23.2
1604	40.1
1605	31.1
1606	40.6
1607	46.5
1608	21
1609	38
1610	48.8
1611	40.6
1612	44.4
1613	44.8
1614	43.2
1615	42.9
1616	44
1617	39.1
1618	24
1619	23.5
1620	38.7
1621	38.4
1622	45.4
1623	37.9
1624	42.7
1625	40.2
1626	47.8
1627	18.1
1628	42.4
1629	34.3
1630	43.8
1631	17.8
1632	45.4
1633	53.9
1634	43.4
1635	39.8
1636	39.9
1637	38.6
1638	42.1
1639	36.2
1640	28.7
1641	40.4
1642	34.8
1643	39
1644	46.8
1645	36.9
1646	41.5
1647	26
1648	45.7
1649	33.8
1650	29.7
1651	21.8
1652	42
1653	43.8
1654	44.3
1655	39.7
1656	40.8
1657	45.2
1658	32.3
1659	43.1
1660	41.9
1661	43.8
1662	44.1
1663	24.4
1664	26.5
1665	31.5
1666	34.7
1667	39
1668	17.7
1669	50.6
1670	50
1671	15.7
1672	14.1
1673	43.9
1674	39.3
1675	15.5
1676	46.9
1677	34.1
1678	37.2
1679	25.2
1680	42.4
1681	44
1682	25.3
1683	25.1
1684	31.9
1685	49.4
1686	38.8
1687	33.4
1688	39.4
1689	45.1
1690	47.4
1691	22.9
1692	18.4
1693	41.2
1694	29.8
1695	19.8
1696	26.4
1697	49.8
1698	51
1699	47.9
1700	51.9
1701	43.8
1702	41.4
1703	25.3
1704	34.8
1705	43.2
1706	33
1707	32
1708	44.6
1709	42.3
1710	48.5
1711	45.6
1712	38.1
1713	41
1714	47
1715	46.5
1716	40
1717	25.2
1718	40.9
1719	38.8
1720	18.6
1721	39.6
1722	46.5
1723	38.5
1724	25.4
1725	38
1726	20.1
1727	40.4
1728	22
1729	50.4
1730	24.1
1731	37.8
1732	38.2
1733	43.4
1734	35.2
1735	19.7
1736	48.3
1737	33.2
1738	41.7
1739	46.3
1740	33
1741	51.5
1742	30.1
1743	55.9
1744	51.8
1745	55.7
1746	50.4
1747	33.5
1748	51.7
1749	36.9
1750	39.6
1751	39
1752	35.9
1753	48.9
1754	37.3
1755	29.9
1756	39.8
1757	17.2
1758	32.3
1759	33.6
1760	29.6
1761	46.8
1762	41.8
1763	37.7
1764	18.3
1765	32.6
1766	30.8
1767	19.4
1768	38.1
1769	39.9
1770	40.5
1771	31.5
1772	22.2
1773	27.1
1774	33.8
1775	28.3
1776	43.4
1777	38.5
1778	40.1
1779	31.6
1780	27.9
1781	26
1782	48.7
1783	46.6
1784	45.3
1785	49.2
1786	31.4
1787	30
1788	23.6
1789	42
1790	28.1
1791	40.2
1792	52.6
1793	48.9
1794	11.6
1795	40
1796	50.9
1797	36.7
1798	33.7
1799	37.8
1800	31.7
1801	29.2
1802	47.5
1803	37.7
1804	22.4
1805	19.8
1806	33.5
1807	34.7
1808	46.1
1809	45.4
1810	44.1
1811	25
1812	28.9
1813	40.5
1814	44.6
1815	42.4
1816	27.7
1817	42.1
1818	48.6
1819	41.7
1820	22.9
1821	34.3
1822	43.9
1823	36.7
1824	29.2
1825	45.1
1826	31.8
1827	37.2
1828	31.7
1829	21.7
1830	27.7
1831	31.9
1832	49.5
1833	33.5
1834	19.3
1835	39.8
1836	28.3
1837	40.7
1838	41.9
1839	40.2
1840	25.3
1841	42
1842	40.2
1843	35.8
1844	34.1
1845	29.9
1846	32.2
1847	39.8
1848	37.3
1849	40.5
1850	26.3
1851	29.7
1852	39.9
1853	35.7
1854	21.3
1855	25.6
1856	38.5
1857	29.3
1858	45
1859	30.4
1860	18.4
1861	21.6
1862	46.9
1863	45.3
1864	46.8
1865	23.2
1866	28.4
1867	27.6
1868	23.9
1869	37.4
1870	35
1871	39
1872	32.2
1873	38.4
1874	35.6
1875	43.8
1876	39.7
1877	38.4
1878	19.1
1879	44.3
1880	51.7
1881	20.1
1882	47.7
1883	45.9
1884	41.9
1885	34.7
1886	36
1887	36.5
1888	38.8
1889	36.3
1890	31.3
1891	17.9
1892	43.5
1893	44.6
1894	40
1895	22.1
1896	36.7
1897	24.5
1898	32.8
1899	29.5
1900	18.5
1901	19.1
1902	22.5
1903	34.9
1904	31.3
1905	46
1906	38.3
1907	34.3
1908	47
1909	36.9
1910	18.2
1911	38.2
1912	43
1913	47.4
1914	46.9
1915	37.6
1916	41.2
1917	48.5
1918	40
1919	22.2
1920	44.1
1921	40
1922	40.6
1923	24.8
1924	47.8
1925	42.8
1926	47.6
1927	27.1
1928	31.3
1929	30.6
1930	39.5
1931	32.7
1932	21.2
1933	33.1
1934	36.5
1935	32
1936	44
1937	20.6
1938	39.8
1939	34.8
1940	23
1941	33.7
1942	33.1
1943	30.2
1944	38.2
1945	46.3
1946	20.1
1947	29.3
1948	41.7
1949	42.1
1950	25.1
1951	41.3
1952	35.5
1953	50
1954	32.4
1955	40.6
1956	37.7
1957	35.1
1958	51.6
1959	29.3
1960	42.4
1961	37.4
1962	48.4
1963	52.9
1964	42.6
1965	45.9
1966	39.5
1967	34.2
1968	46.7
1969	36.5
1970	53.4
1971	51
1972	37
1973	18.3
1974	42.7
1975	33.8
1976	43
1977	32.4
1978	34.7
1979	40
1980	39.1
1981	47.9
1982	23.9
1983	37.6
1984	45.1
1985	52.1
1986	29.8
1987	35.6
1988	38.3
1989	43.8
1990	41.9
1991	36.8
1992	31.7
1993	49.6
1994	26.4
1995	43.5
1996	44.8
1997	42.2
1998	40.7
1999	21.7
2000	42
2001	22.7
2002	21.5
2003	52.3
2004	14.9
2005	41
2006	48.2
2007	33.5
2008	45
2009	37.1
2010	41.3
2011	36.7
2012	43.3
2013	42.5
2014	27.5
2015	36.5
2016	31.8
2017	22.1
2018	41.1
2019	48.4
2020	40
2021	22.9
2022	43.4
2023	46.5
2024	43.1
2025	28.7
2026	47
2027	43
2028	44.3
2029	25.1
2030	36.1
2031	45.7
2032	39.7
2033	19.7
2034	36.5
2035	35.3
2036	29.6
2037	26.7
2038	51.5
2039	25.1
2040	29.3
2041	50.8
2042	38.8
2043	43.3
2044	47.3
2045	32.9
2046	36.7
2047	46.2
2048	49.6
2049	44.7
2050	43.1
2051	42.7
2052	47.4
2053	47.8
2054	44.1
2055	26.3
2056	25.8
2057	31.7
2058	50
2059	49.9
2060	39.5
2061	38.8
2062	23.8
2063	40
2064	40.3
2065	40.3
2066	40.1
2067	19.6
2068	39
2069	24.5
2070	44.9
2071	48.5
2072	25.9
2073	39.7
2074	40.5
2075	41
2076	44.2
2077	31.1
2078	33.9
2079	49.9
2080	34.4
2081	38.2
2082	47.9
2083	44.1
2084	40.9
2085	25.6
2086	47
2087	20.1
2088	39.5
2089	20.4
2090	29.1
2091	25.2
2092	32.2
2093	39.2
2094	35.4
2095	43.2
2096	48.7
2097	48.5
2098	39.5
2099	42.6
2100	30.4
2101	39.4
2102	46.4
2103	28.4
2104	40.2
2105	34
2106	25.5
2107	22.2
2108	28
2109	38.2
2110	44
2111	11.1
2112	40.8
2113	34.1
2114	46.3
2115	46
2116	43.1
2117	44.3
2118	21
2119	47.8
2120	42.8
2121	19
2122	16.2
2123	40.2
2124	44.7
2125	37.9
2126	23.8
2127	32.8
2128	38.4
2129	36.2
2130	48.7
2131	27.3
2132	31.4
2133	34.9
2134	40.3
2135	19.2
2136	50.5
2137	30.4
2138	35.9
2139	25.2
2140	38.8
2141	49.7
2142	46.4
2143	46.2
2144	39.7
2145	18.1
2146	45.9
2147	46.2
2148	19.7
2149	41.5
2150	38
2151	32.4
2152	27
2153	33.1
2154	42.8
2155	40.5
2156	22.9
2157	37.6
2158	35.2
2159	41.3
2160	35
2161	44.9
2162	36
2163	36.6
2164	25.5
2165	35.2
2166	25.2
2167	34
2168	36.8
2169	20.6
2170	38.6
2171	32.2
2172	25.4
2173	48.8
2174	36.7
2175	28.4
2176	28.5
2177	35.2
2178	35
2179	39.1
2180	27.4
2181	24.6
2182	44.6
2183	33.1
2184	36
2185	36.4
2186	42.3
2187	46.5
2188	27.4
2189	21.8
2190	40
2191	16.7
2192	32.2
2193	48
2194	40.6
2195	45.1
2196	51
2197	22.1
2198	34
2199	37.2
2200	23.8
2201	14.4
2202	44.5
2203	46.1
2204	29.3
2205	41
2206	23
2207	46.2
2208	34.2
2209	50.2
2210	40.6
2211	48.8
2212	41.7
2213	29.5
2214	45.5
2215	36
2216	36.4
2217	41.3
2218	27.8
2219	39.7
2220	35
2221	23.7
2222	41.8
2223	43.5
2224	32.3
2225	17
2226	38.8
2227	29.2
2228	32.9
2229	37.4
2230	42.5
2231	22.6
2232	23.7
2233	15.4
2234	34.1
2235	30.9
2236	41.5
2237	36.1
2238	40.1
2239	44
2240	40.2
2241	24.4
2242	45.7
2243	36.5
2244	40.9
2245	36.7
2246	43.6
2247	34.2
2248	45.6
2249	26.5
2250	39.4
2251	20.4
2252	49.9
2253	20.2
2254	38.5
2255	32.2
2256	29.3
2257	43.8
2258	25.7
2259	43.5
2260	33.9
2261	21.8
2262	32.1
2263	46.9
2264	49.2
2265	14.9
2266	33.5
2267	37.2
2268	44.1
2269	34.6
2270	42.6
2271	24.6
2272	41.1
2273	29.3
2274	32.1
2275	31.5
2276	41.4
2277	24.3
2278	28.5
2279	39.2
2280	40.4
2281	48.6
2282	37.8
2283	31.7
2284	43.2
2285	22.8
2286	40.7
2287	45.2
2288	18.2
2289	32.8
2290	32.9
2291	44.2
2292	35.2
2293	45.9
2294	39.5
2295	34.9
2296	37.8
2297	43.2
2298	40.8
2299	42.5
2300	38.7
2301	35.2
2302	46.3
2303	31
2304	38.1
2305	51.1
2306	26.3
2307	20.6
2308	39.2
2309	24.8
2310	31.2
2311	45.5
2312	44.1
2313	29.8
2314	40.8
2315	28.2
2316	28.2
2317	37.4
2318	40.7
2319	37.8
2320	48.2
2321	47.2
2322	24.8
2323	26.4
2324	35.5
2325	25.9
2326	27.7
2327	31.1
2328	34.9
2329	43.8
2330	45.1
2331	34.1
2332	47.8
2333	35.3
2334	40.1
2335	47.7
2336	46.3
2337	37.6
2338	36.3
2339	40.2
2340	50.8
2341	39.1
2342	39.3
2343	51.3
2344	19.7
2345	39.9
2346	43.2
2347	40.3
2348	41.3
2349	43.9
2350	39.4
2351	36.1
2352	36.2
2353	34.6
2354	31.9
2355	45.8
2356	18.7
2357	37.9
2358	38.3
2359	38.9
2360	46.4
2361	21.8
2362	45
2363	45.4
2364	48.6
2365	41
2366	47.2
2367	42.2
2368	44.8
2369	23
2370	41.9
2371	25
2372	29.7
2373	38.2
2374	40.7
2375	42.2
2376	37.3
2377	33.5
2378	34.5
2379	17.2
2380	39.1
2381	39.8
2382	49.7
2383	29.5
2384	41.4
2385	26.1
2386	40.7
2387	41.2
2388	44
2389	41.8
2390	30
2391	47.2
2392	44.1
2393	45.1
2394	25.5
2395	52.2
2396	36.4
2397	28.6
2398	22.6
2399	38.4
2400	39.9
2401	35.4
2402	31.9
2403	34.8
2404	37.9
2405	41.7
2406	30.6
2407	39.9
2408	34
2409	21.4
2410	43.5
2411	43.9
2412	55.3
2413	32.6
2414	26.9
2415	40.4
2416	39.1
2417	47
2418	28
2419	38
2420	16.8
2421	44.6
2422	28.6
2423	46.4
2424	44.8
2425	43.2
2426	29.1
2427	41.5
2428	40.6
2429	45.7
2430	26.9
2431	44.3
2432	25.2
2433	26.4
2434	34.5
2435	38.3
2436	36.3
2437	39.1
2438	34.2
2439	37.8
2440	42
2441	20.2
2442	37.5
2443	41.9
2444	45.7
2445	20.1
2446	46.9
2447	38.7
2448	32.9
2449	44.6
2450	38
2451	20.5
2452	38.1
2453	36.6
2454	37.5
2455	51.8
2456	44.2
2457	41.4
2458	51.2
2459	31.9
2460	40.6
2461	27.6
2462	53.3
2463	42.9
2464	45.5
2465	48.8
2466	22.8
2467	28.2
2468	44.7
2469	45.6
2470	32.6
2471	48.8
2472	42.1
2473	45.9
2474	37.2
2475	32.1
2476	38.2
2477	33.6
2478	51.8
2479	35.5
2480	39.2
2481	29.4
2482	34.1
2483	16.4
2484	43.2
2485	47.8
2486	46.1
2487	29.5
2488	22.7
2489	44.3
2490	43.9
2491	32.1
2492	16.9
2493	22.7
2494	39.4
2495	17.1
2496	41.5
2497	43
2498	28.7
2499	35.3
2500	16.9
2501	40
2502	42.9
2503	41.4
2504	40.5
2505	36.3
2506	52
2507	40.9
2508	38.9
2509	22.7
2510	41.3
2511	41.8
2512	48.9
2513	22
2514	38.8
2515	22.5
2516	38
2517	36.3
2518	44.3
2519	35
2520	39.9
2521	24.5
2522	29.8
2523	48
2524	44.7
2525	41.9
2526	51
2527	40.5
2528	45.9
2529	44.2
2530	21.3
2531	43.6
2532	42.9
2533	47.9
2534	46.7
2535	46
2536	39.6
2537	48.5
2538	39.1
2539	47.6
2540	26.8
2541	40.5
2542	26.7
2543	44.7
2544	38.6
2545	17.5
2546	40.5
2547	44.4
2548	37.4
2549	46.3
2550	29.7
2551	46.6
2552	37
2553	42.1
2554	46.8
2555	42.3
2556	38.4
2557	35
2558	45.1
2559	25.2
2560	47.9
2561	46.4
2562	41.8
2563	31.1
2564	24.5
2565	26.2
2566	27.5
2567	37.4
2568	38.1
2569	26.4
2570	44.5
2571	20.2
2572	49
2573	28.4
2574	32.5
2575	34.5
2576	24.5
2577	46.4
2578	14.1
2579	15.9
2580	32.8
2581	35.7
2582	20.2
2583	16.6
2584	31.7
2585	30.1
2586	36.4
2587	25.3
2588	45.1
2589	32.4
2590	23
2591	46.2
2592	28.7
2593	34.8
2594	41.3
2595	44.1
2596	42.9
2597	37.6
2598	40.5
2599	50.8
2600	41
2601	37
2602	26
2603	51.5
2604	37.5
2605	46.5
2606	22.9
2607	41.4
2608	41.3
2609	35.1
2610	43.1
2611	35.1
2612	45.9
2613	48.6
2614	45.2
2615	27.8
2616	44
2617	36.7
2618	38.3
2619	40.7
2620	16.1
2621	41.7
2622	21.5
2623	30.4
2624	32.2
2625	34.8
2626	44.6
2627	41.2
2628	33.3
2629	45.6
2630	39.8
2631	40.2
2632	35.7
2633	33.7
2634	29.6
2635	39.3
2636	45.5
2637	43.6
2638	40.3
2639	50.2
2640	48
2641	36.8
2642	32.3
2643	31.6
2644	31.5
2645	41.6
2646	27.8
2647	38.1
2648	41.8
2649	45.7
2650	45.7
2651	34.3
2652	41.9
2653	46.2
2654	40.3
2655	38.1
2656	40.9
2657	28.3
2658	37
2659	52.2
2660	29.9
2661	47.1
2662	36.2
2663	27.9
2664	39.9
2665	49.9
2666	52.1
2667	27.8
2668	42.3
2669	22.6
2670	46.7
2671	41.4
2672	43.7
2673	37.9
2674	43
2675	36.3
2676	17
2677	33.1
2678	45.3
2679	42.8
2680	22.9
2681	26
2682	46.2
2683	45.9
2684	36.2
2685	49.9
2686	12.2
2687	42
2688	24.9
2689	43.3
2690	23.5
2691	38
2692	47.9
2693	43.3
2694	33
2695	30.3
2696	40.3
2697	42.7
2698	47.2
2699	29
2700	46.9
2701	38.2
2702	44.6
2703	41.1
2704	40.9
2705	26.4
2706	48.3
2707	22.7
2708	34.1
2709	49.2
2710	20.3
2711	37
2712	38.1
2713	44.3
2714	25.3
2715	54.7
2716	34.7
2717	30.3
2718	23.3
2719	32.7
2720	46.1
2721	41.3
2722	14.7
2723	36.2
2724	47.3
2725	30.2
2726	50.7
2727	50.7
2728	42.5
2729	41.6
2730	21
2731	39.7
2732	41.7
2733	43
2734	37.3
2735	20.9
2736	36.7
2737	47.2
2738	17.2
2739	24.1
2740	25.3
2741	34.9
2742	24.5
2743	42.1
2744	49.8
2745	24.7
2746	41.6
2747	37.8
2748	44.2
2749	48.5
2750	45.4
2751	33.4
2752	39.2
2753	47.1
2754	39.2
2755	38
2756	19.9
2757	50.5
2758	30.7
2759	40.1
2760	45.3
2761	29.7
2762	38.6
2763	25
2764	30.2
2765	46.2
2766	50.1
2767	31
2768	42.8
2769	36
2770	43.5
2771	44.6
2772	35.2
2773	41.2
2774	32.2
2775	33.2
2776	21.2
2777	47.4
2778	36.6
2779	32.4
2780	47.8
2781	37.7
2782	21.9
2783	17.7
2784	41
2785	42.9
2786	45.5
2787	41.2
2788	39
2789	52
2790	28.6
2791	24
2792	43.5
2793	38.2
2794	37.8
2795	40.3
2796	35.8
2797	53.2
2798	46.7
2799	44.4
2800	53.3
2801	26.4
2802	49
2803	37.7
2804	32.7
2805	47.8
2806	25.7
2807	38.7
2808	49.6
2809	33.2
2810	42.7
2811	45.5
2812	35.5
2813	34
2814	31.4
2815	32.2
2816	48.8
2817	43.5
2818	39.3
2819	44.3
2820	37.4
2821	45.3
2822	35.1
2823	40.1
2824	25.9
2825	45.1
2826	35.4
2827	38.7
2828	38.7
2829	17.7
2830	40.3
2831	52.1
2832	42.3
2833	44
2834	31.8
2835	49.2
2836	33.9
2837	48.6
2838	42.6
2839	48.4
2840	34.8
2841	49
2842	45.9
2843	43.8
2844	39
2845	43.5
2846	23.7
2847	51.9
2848	23.2
2849	39.8
2850	44.9
2851	38
2852	23.8
2853	46.4
2854	21.4
2855	44.2
2856	46.8
2857	46.8
2858	42
2859	37.6
2860	42
2861	44.9
2862	51.2
2863	45.6
2864	49.8
2865	31.8
2866	49
2867	35.6
2868	40.3
2869	45.1
2870	40.2
2871	18.5
2872	38.5
2873	38.3
2874	16.2
2875	46
2876	27.2
2877	27.7
2878	30.5
2879	42.6
2880	45.6
2881	49.6
2882	40
2883	42.4
2884	36.1
2885	47.6
2886	47.5
2887	21.9
2888	46.8
2889	14.3
2890	45.4
2891	35.1
2892	41.6
2893	45.7
2894	40.6
2895	38
2896	41.2
2897	53.8
2898	18.8
2899	22.1
2900	44.4
2901	38.5
2902	42.6
2903	46.4
2904	42.2
2905	41.7
2906	36.1
2907	46.4
2908	47.2
2909	29.9
2910	38.9
2911	39.7
2912	23.3
2913	41.2
2914	33.6
2915	23.7
2916	31.6
2917	46.2
2918	41.2
2919	32.2
2920	44.1
2921	45.7
2922	21.1
2923	46.5
2924	23.3
2925	41.8
2926	46.9
2927	38.5
2928	31.9
2929	44.2
2930	44.2
2931	38.8
2932	32
2933	25
2934	31.8
2935	25.1
2936	19.4
2937	41.1
2938	38.3
2939	39.3
2940	50.8
2941	45.6
2942	48.7
2943	50.2
2944	45.3
2945	51.9
2946	38.3
2947	49.3
2948	46.4
2949	33.8
2950	32.9
2951	32
2952	44.6
2953	46.3
2954	43.1
2955	17.8
2956	42.6
2957	51
2958	22.6
2959	50.6
2960	28.6
2961	49.2
2962	41.9
2963	20.7
2964	45.4
2965	18.5
2966	48.9
2967	30.8
2968	14
2969	31.9
2970	38.1
2971	38.2
2972	37
2973	51.7
2974	40.7
2975	28.7
2976	37.4
2977	41.4
2978	45.1
2979	45.1
2980	33.4
2981	42.1
2982	39.7
2983	40
2984	42.4
2985	41.1
2986	39.7
2987	42.5
2988	25.6
2989	51
2990	39.6
2991	43.1
2992	47.8
2993	36.5
2994	42.8
2995	50.4
2996	47.6
2997	24.4
2998	44.2
2999	40.6
3000	43.9
3001	32.7
3002	33.8
3003	45.1
3004	39.2
3005	41.3
3006	48.1
3007	36.2
3008	37.9
3009	36.6
3010	42.2
3011	51.7
3012	31.3
3013	40.3
3014	40.2
3015	43.5
3016	34.3
3017	47
3018	41.6
3019	23.9
3020	40.1
3021	40.5
3022	49
3023	41.1
3024	26.9
3025	25.7
3026	49.7
3027	45.3
3028	22.2
3029	41.6
3030	39.8
3031	46.3
3032	21.3
3033	51.3
3034	22.6
3035	40.4
3036	47.1
3037	40.5
3038	50.7
3039	21.5
3040	42.7
3041	42.4
3042	41.9
3043	31.9
3044	32.7
3045	27.9
3046	42.4
3047	43.6
3048	33.7
3049	33.5
3050	37.1
3051	32.5
3052	39.8
3053	48.3
3054	47.2
3055	47.5
3056	47.2
3057	45.1
3058	49.7
3059	43.6
3060	42
3061	54.7
3062	43.9
3063	37.6
3064	48
3065	48.6
3066	32.1
3067	46.3
3068	43.8
3069	30.8
3070	42.9
3071	28.2
3072	38.1
3073	48.5
3074	33.5
3075	28.6
3076	44.6
3077	26.8
3078	38.7
3079	21.5
3080	38.5
3081	43.4
3082	20
3083	45.2
3084	31.4
3085	47.2
3086	46.4
3087	44.6
3088	32.4
3089	21.6
3090	43.3
3091	42.4
3092	47.4
3093	16.8
3094	51.8
3095	32.3
3096	45.4
3097	37.9
3098	27
3099	39.5
3100	52.2
3101	46.3
3102	21.2
3103	29.6
3104	40.5
3105	37.8
3106	45.3
3107	28.2
3108	46
3109	46.9
3110	42.9
3111	24.3
3112	47.2
3113	44.2
3114	38.9
3115	16.3
3116	38.3
3117	48
3118	30.2
3119	35.4
3120	41.9
3121	43.3
3122	37.4
3123	46.2
3124	21.5
3125	28.3
3126	38.3
3127	49.6
3128	38.7
3129	41.3
3130	36.5
3131	38.9
3132	40.6
3133	50.2
3134	33.2
3135	36.5
3136	38.6
3137	20.1
3138	12.7
3139	37.8
3140	19.3
3141	24.1
3142	45.1
3143	29.8
3144	44.2
3145	50.7
3146	37.2
3147	27.3
3148	48.1
3149	45.8
3150	55.1
3151	35.3
3152	21.3
3153	38.4
3154	38.1
3155	38.5
3156	41
3157	42.4
3158	37.1
3159	47.1
3160	30.2
3161	39.4
3162	40.4
3163	46.8
3164	36.6
3165	34.4
3166	33.2
3167	39.1
3168	36.9
3169	39.4
3170	40.1
3171	44.7
3172	45.1
3173	22.8
3174	23.6
3175	42.2
3176	31.8
3177	26.6
3178	44.4
3179	22.5
3180	21.5
3181	39.7
3182	22.7
3183	42.2
3184	50.3
3185	30.4
3186	31.8
3187	45.3
3188	43.8
3189	44.9
3190	42
3191	41.4
3192	53.1
3193	43.5
3194	54.6
3195	42.1
3196	24.9
3197	39.3
3198	19.2
3199	22.9
3200	47.7
3201	19.7
3202	47.3
3203	29.4
3204	26.2
3205	46.6
3206	43.8
3207	38.5
3208	18.7
3209	40.5
3210	34.4
3211	26.6
3212	31.4
3213	34.7
3214	30.4
3215	39.2
3216	45.5
3217	28.2
3218	41.5
3219	42.9
3220	40.2
3221	45.9
3222	38.9
3223	33.1
3224	39.7
3225	19.6
3226	29.3
3227	36
3228	20.3
3229	41.3
3230	39.7
3231	18.9
3232	16.6
3233	46.2
3234	34.4
3235	51.6
3236	37.1
3237	26.2
3238	44.3
3239	50
3240	35.2
3241	53.6
3242	35.5
3243	33.7
3244	45.3
3245	48.3
3246	43.2
3247	24.5
3248	42
3249	31.8
3250	39.5
3251	37.2
3252	46.8
3253	41.2
3254	15.4
3255	37.4
3256	33.5
3257	35.9
3258	28.4
3259	37.8
3260	28.7
3261	33.7
3262	28
3263	21
3264	48.4
3265	42.1
3266	31.5
3267	45.6
3268	40.5
3269	35.5
3270	46.9
3271	42.1
3272	42
3273	38.5
3274	42.4
3275	38.2
3276	22.6
3277	47
3278	41.8
3279	40.2
3280	46.6
3281	33.8
3282	37.9
3283	45.7
3284	42.3
3285	48.1
3286	40.3
3287	18.3
3288	24.4
3289	44.9
3290	28.8
3291	27.1
3292	35.6
3293	20.1
3294	44.6
3295	38.2
3296	49.3
3297	47.8
3298	47.7
3299	43.6
3300	44.1
3301	35.6
3302	41.8
3303	27.2
3304	35.1
3305	28.3
3306	32.7
3307	48.4
3308	50.4
3309	39.5
3310	38.7
3311	39.1
3312	48.2
3313	40
3314	23.8
3315	28.2
3316	27.7
3317	46.2
3318	44
3319	49.3
3320	46.9
3321	32
3322	52.7
3323	48.1
3324	33.1
3325	26.4
3326	52
3327	49.3
3328	38.1
3329	25
3330	40.2
3331	35.9
3332	23.3
3333	34
3334	40.3
3335	37.2
3336	36.2
3337	37.9
3338	37.8
3339	36.4
3340	33.4
3341	26.8
3342	36.7
3343	47.1
3344	35.8
3345	30.3
3346	20.3
3347	19.5
3348	39
3349	45.5
3350	35.8
3351	36.9
3352	42.2
3353	22.2
3354	39.9
3355	40.9
3356	19.7
3357	25.3
3358	49.1
3359	23
3360	32
3361	40.8
3362	46.3
3363	38.5
3364	23.7
3365	37
3366	34.5
3367	40.2
3368	51
3369	29
3370	45.6
3371	38.2
3372	47.6
3373	47.5
3374	40.4
3375	43.9
3376	45.7
3377	43.3
3378	22
3379	44.2
3380	32.6
3381	16.8
3382	50
3383	36.3
3384	48.4
3385	33.5
3386	33.1
3387	43.5
3388	40.6
3389	30.1
3390	49.3
3391	39.2
3392	33.5
3393	40.7
3394	46.3
3395	31.9
3396	41.6
3397	34.2
3398	35.5
3399	52.6
3400	37
3401	34
3402	44.4
3403	18.7
3404	32.7
3405	44.5
3406	20.1
3407	45
3408	50.8
3409	39.7
3410	47.4
3411	47.3
3412	23
3413	36.7
3414	43.8
3415	38.1
3416	39.6
3417	30.6
3418	44.7
3419	31.6
3420	28
3421	31.6
3422	40.7
3423	40.1
3424	43.6
3425	14.4
3426	19.9
3427	17.3
3428	15.8
3429	36.9
3430	17.9
3431	15.9
3432	29.3
3433	44.4
3434	29.9
3435	43
3436	44.4
3437	37.9
3438	52
3439	51.3
3440	45.7
3441	43
3442	35
3443	30.7
3444	42.4
3445	45.4
3446	45.3
3447	48.2
3448	40.5
3449	24.3
3450	43
3451	39.8
3452	49
3453	50.2
3454	31
3455	35.3
3456	47.5
3457	38
3458	38.9
3459	43.2
3460	29.7
3461	27.2
3462	20.8
3463	44.6
3464	42.9
3465	44.7
3466	41.1
3467	32.9
3468	20.4
3469	38.4
3470	26.5
3471	25.5
3472	38.6
3473	29.6
3474	26.1
3475	45.9
3476	32.9
3477	19.9
3478	40.3
3479	33.1
3480	41.3
3481	41.1
3482	36.8
3483	42.5
3484	18.9
3485	36.7
3486	35
3487	38.5
3488	32.1
3489	30.9
3490	17.1
3491	31.2
3492	31
3493	39.6
3494	41.5
3495	43.6
3496	38.6
3497	40.2
3498	44.6
3499	45.4
3500	26.2
3501	32.9
3502	49.6
3503	26
3504	41.8
3505	44.2
3506	49.1
3507	44.5
3508	36.8
3509	37.1
3510	43.8
3511	47.3
3512	48.7
3513	38.2
3514	28.4
3515	35.4
3516	33.9
3517	31.5
3518	38
3519	35.2
3520	19.6
3521	39.1
3522	39.1
3523	34.5
3524	23.6
3525	39.7
3526	31.4
3527	27.5
3528	26.6
3529	34.8
3530	39
3531	29.4
3532	52.2
3533	41
3534	44.3
3535	18.9
3536	31.5
3537	39.1
3538	37.4
3539	44.3
3540	40
3541	39.4
3542	40.5
3543	35.1
3544	24.6
3545	44.1
3546	40.4
3547	27.8
3548	51.9
3549	57.8
3550	40.5
3551	43.7
3552	26.9
3553	48.9
3554	47.2
3555	39.5
3556	36.7
3557	45.4
3558	36
3559	42.8
3560	25.7
3561	21.3
3562	37.2
3563	50.1
3564	43.5
3565	30.5
3566	22.2
3567	23.8
3568	28
3569	21.8
3570	31.4
3571	36.9
3572	29.7
3573	48
3574	48.9
3575	44.7
3576	34.9
3577	47.7
3578	43.9
3579	41.3
3580	54.3
3581	42.2
3582	30.2
3583	31.8
3584	33.7
3585	48.3
3586	29.5
3587	25.9
3588	38.9
3589	38.6
3590	38.8
3591	38.7
3592	27.3
3593	26.3
3594	45.8
3595	39.9
3596	42.7
3597	48.1
3598	45.3
3599	41.7
3600	51.1
3601	38.2
3602	18.1
3603	30.7
3604	47.2
3605	33.6
3606	47
3607	24.5
3608	51.6
3609	51.7
3610	27.6
3611	18.1
3612	38.2
3613	19.5
3614	42.1
3615	42.7
3616	36
3617	44.1
3618	43.1
3619	21.3
3620	31.9
3621	31.5
3622	41.2
3623	48.4
3624	15.6
3625	40.9
3626	45.6
3627	28.4
3628	46.2
3629	41.2
3630	22.6
3631	35.2
3632	38.8
3633	39.3
3634	40.2
3635	39.1
3636	38.6
3637	42.3
3638	26.3
3639	42.2
3640	41.7
3641	35
3642	24.6
3643	38.8
3644	46.3
3645	29.4
3646	34.3
3647	48.8
3648	42.1
3649	18.4
3650	45.5
3651	40.9
3652	48.7
3653	42.7
3654	47.7
3655	49.1
3656	25.8
3657	39.9
3658	45.2
3659	27.6
3660	30.4
3661	45.3
3662	28.9
3663	38.3
3664	47.9
3665	32.5
3666	39.1
3667	37.5
3668	41
3669	34.4
3670	38.6
3671	42.8
3672	48.9
3673	19.3
3674	49.2
3675	30.5
3676	40.6
3677	44.6
3678	22.7
3679	48.5
3680	35
3681	24.9
3682	41.1
3683	32.6
3684	41.8
3685	20.6
3686	23.9
3687	41.6
3688	37.6
3689	40.3
3690	45.6
3691	44.6
3692	23.9
3693	49
3694	38.6
3695	37.1
3696	25.3
3697	33.9
3698	29.3
3699	48.2
3700	35.3
3701	36.9
3702	49
3703	47.1
3704	45.5
3705	38.2
3706	27.5
3707	38.6
3708	22.1
3709	47.3
3710	32.1
3711	36.9
3712	26.6
3713	49.4
3714	28.4
3715	43.9
3716	29.5
3717	46.7
3718	49.4
3719	40.7
3720	36.9
3721	47.1
3722	23.1
3723	37
3724	37.5
3725	46.4
3726	26.9
3727	50.5
3728	28.4
3729	20.2
3730	33.8
3731	40.9
3732	40.3
3733	40.1
3734	30
3735	29.7
3736	17.4
3737	42.8
3738	30
3739	32
3740	25.3
3741	31.8
3742	19.8
3743	40.6
3744	33.6
3745	43
3746	51.2
3747	36.6
3748	43.2
3749	31.6
3750	42.1
3751	23.5
3752	14.4
3753	28.9
3754	42.3
3755	40.3
3756	32.5
3757	42.4
3758	50.4
3759	38.9
3760	39.4
3761	35.6
3762	33.2
3763	36.9
3764	46.1
3765	37.8
3766	35.1
3767	30.3
3768	46
3769	45
3770	20.8
3771	37.7
3772	48.8
3773	45.5
3774	45
3775	37.7
3776	15.9
3777	37.8
3778	53.4
3779	24.1
3780	48.4
3781	31.9
3782	45.5
3783	25.5
3784	48.7
3785	42.4
3786	25.9
3787	29.1
3788	42.3
3789	31.9
3790	36.3
3791	45.2
3792	20.2
3793	22.9
3794	38.1
3795	48.8
3796	41.7
3797	39.4
3798	30.7
3799	24.6
3800	44.8
3801	33.8
3802	31.1
3803	50.8
3804	46.4
3805	44.9
3806	35.9
3807	35.1
3808	28.6
3809	44.3
3810	37.1
3811	23.7
3812	44.2
3813	35.4
3814	43.9
3815	34
3816	47.1
3817	42.6
3818	37.7
3819	19
3820	37
3821	36
3822	19.8
3823	33.2
3824	42.7
3825	29.8
3826	40
3827	29.3
3828	45.9
3829	40.8
3830	42.6
3831	44.7
3832	51
3833	38.1
3834	47.1
3835	39.7
3836	34.9
3837	48.4
3838	39.6
3839	17.2
3840	40
3841	21.9
3842	36.5
3843	39.1
3844	16.5
3845	42.1
3846	50.6
3847	35.8
3848	36.1
3849	42.5
3850	36.5
3851	46.9
3852	43.4
3853	41.9
3854	50.3
3855	30.6
3856	19.6
3857	36.4
3858	33.7
3859	47.5
3860	26.4
3861	47.7
3862	18.1
3863	37
3864	45.6
3865	38.5
3866	44.6
3867	35.7
3868	14
3869	19
3870	41.4
3871	18.6
3872	24.6
3873	45
3874	23.4
3875	21.9
3876	47
3877	40.6
3878	34
3879	38.5
3880	46.4
3881	42.5
3882	31.7
3883	44.4
3884	40
3885	46.6
3886	37.7
3887	42
3888	46.5
3889	39.8
3890	41.3
3891	22.3
3892	32.8
3893	21.5
3894	44.9
3895	32.9
3896	33.5
3897	41.7
3898	45.9
3899	22.7
3900	17.8
3901	37.8
3902	22.3
3903	41.6
3904	28
3905	28.3
3906	25.4
3907	41.3
3908	47.9
3909	42.3
3910	43.9
3911	17
3912	24.4
3913	41.9
3914	39.7
3915	28
3916	37
3917	44.5
3918	25
3919	43.3
3920	35.8
3921	41.4
3922	32.8
3923	46.7
3924	30.5
3925	25.7
3926	43
3927	31.2
3928	30.4
3929	33.1
3930	32.2
3931	27.7
3932	34.6
3933	49.5
3934	33.3
3935	38.4
3936	33.9
3937	36.6
3938	42.7
3939	45.3
3940	36.6
3941	29.1
3942	25.8
3943	20.6
3944	28.5
3945	47.6
3946	29.8
3947	31.3
3948	40
3949	40.9
3950	31.1
3951	34.2
3952	38.3
3953	24.9
3954	45.1
3955	28.9
3956	54.7
3957	47.3
3958	42.5
3959	40.5
3960	37.1
3961	43.3
3962	44.3
3963	42.1
3964	39.2
3965	31.1
3966	42.1
3967	35.5
3968	45.5
3969	42.6
3970	40.8
3971	41.5
3972	45.7
3973	42.3
3974	36.8
3975	23.9
3976	37.8
3977	37
3978	35.7
3979	37.4
3980	48.3
3981	27.3
3982	29.1
3983	43.9
3984	45.4
3985	38.4
3986	18
3987	50
3988	39.7
3989	22.1
3990	40.6
3991	37.6
3992	46.9
3993	48.9
3994	33.3
3995	40.6
3996	38.4
3997	40.9
3998	35.9
3999	35.5
4000	20.3
4001	45.2
4002	48.1
4003	43.1
4004	43.8
4005	38.8
4006	41
4007	26.3
4008	23.4
4009	42.5
4010	37.8
4011	51.5
4012	42.7
4013	24.1
4014	30.7
4015	41.9
4016	32.8
4017	36.8
4018	25.4
4019	25.2
4020	39.6
4021	34
4022	37.4
4023	48.5
4024	34.5
4025	39.5
4026	48.1
4027	36.9
4028	26.3
4029	25.5
4030	18.7
4031	36.6
4032	36.4
4033	29
4034	47
4035	38.9
4036	19.5
4037	43.5
4038	30.6
4039	31
4040	41.1
4041	31
4042	28.7
4043	46.2
4044	24.1
4045	41
4046	38.8
4047	46.6
4048	35.1
4049	42.1
4050	39.3
4051	25.4
4052	30.2
4053	48.2
4054	45.8
4055	24.4
4056	38.3
4057	23.5
4058	35
4059	30.9
4060	24.7
4061	29.8
4062	37.7
4063	50.1
4064	45.6
4065	43.9
4066	35.8
4067	37.7
4068	25.3
4069	47.7
4070	27.6
4071	40.3
4072	23.9
4073	34.8
4074	34.7
4075	26.8
4076	43
4077	36.3
4078	41.5
4079	48.2
4080	46
4081	41.6
4082	48.4
4083	16.1
4084	44.4
4085	38.6
4086	39.8
4087	36.3
4088	43
4089	46.4
4090	40.8
4091	42.8
4092	40.4
4093	41.9
4094	34
4095	37.8
4096	47.8
4097	33
4098	21.3
4099	43.6
4100	51.1
4101	16
4102	45.3
4103	40.8
4104	42.9
4105	33.8
4106	42.7
4107	20
4108	30.9
4109	24.3
4110	37.9
4111	39.7
4112	38
4113	47.7
4114	42.7
4115	42.7
4116	42.3
4117	18.6
4118	25.8
4119	23
4120	42.6
4121	38.5
4122	51.7
4123	44.5
4124	44
4125	36.7
4126	41.4
4127	22.7
4128	34.1
4129	39.7
4130	27.6
4131	23.9
4132	46.1
4133	28.3
4134	18.2
4135	39.3
4136	32.5
4137	46.6
4138	25.3
4139	43
4140	31.9
4141	41.8
4142	43.9
4143	26.4
4144	33.9
4145	37.7
4146	34.2
4147	34.6
4148	47
4149	42.3
4150	24.9
4151	46.8
4152	42.2
4153	36
4154	15.7
4155	18.4
4156	34.9
4157	46.1
4158	24.5
4159	22.6
4160	35.5
4161	36.6
4162	27.5
4163	40.4
4164	36.8
4165	36.4
4166	47.1
4167	37.8
4168	29.2
4169	41.6
4170	45.5
4171	45.3
4172	47.3
4173	47.5
4174	36.6
4175	33.9
4176	42.6
4177	42.5
4178	39.5
4179	36
4180	53.7
4181	21.3
4182	47.6
4183	38.6
4184	37.5
4185	40.6
4186	20.9
4187	49.8
4188	47.4
4189	49.6
4190	30.7
4191	46.2
4192	18.1
4193	33.6
4194	39.7
4195	34.7
4196	39.4
4197	47.4
4198	42.6
4199	26.4
4200	25.9
4201	48.7
4202	50.6
4203	52.8
4204	37.3
4205	33.9
4206	50.5
4207	36.6
4208	38.8
4209	39.7
4210	47.1
4211	28.1
4212	35.2
4213	46.2
4214	43.5
4215	34
4216	45.2
4217	45.9
4218	38.5
4219	49
4220	34.5
4221	51.8
4222	45.4
4223	41
4224	47.2
4225	19.6
4226	21.3
4227	36.2
4228	35.1
4229	43.3
4230	48.3
4231	45.4
4232	36.1
4233	47.4
4234	34
4235	45.1
4236	42.5
4237	41.1
4238	46.9
4239	51.8
4240	47.1
4241	45.2
4242	44.3
4243	17.1
4244	36
4245	31.6
4246	19.6
4247	47.8
4248	33.6
4249	43.7
4250	36.2
4251	40.4
4252	42
4253	43.4
4254	37.8
4255	45.9
4256	37.7
4257	30.8
4258	49.4
4259	47.4
4260	33.9
4261	37.7
4262	35.8
4263	28.4
4264	49.6
4265	37.4
4266	37.2
4267	28.7
4268	47.2
4269	44.3
4270	40.8
4271	38.6
4272	19.6
4273	37.2
4274	43.1
4275	40.2
4276	45.3
4277	35.3
4278	46.3
4279	36.9
4280	51.6
4281	43.9
4282	38.6
4283	49.8
4284	27.8
4285	32.6
4286	20.1
4287	32.5
4288	49.5
4289	33.1
4290	39.6
4291	36.4
4292	48.6
4293	41.6
4294	47.3
4295	19.4
4296	37.1
4297	41.5
4298	26.3
4299	41.2
4300	47.3
4301	43.2
4302	38.8
4303	14.6
4304	24
4305	51.7
4306	42.2
4307	32.8
4308	40.4
4309	42.3
4310	27.3
4311	47
4312	38.8
4313	50.1
4314	43.5
4315	47.9
4316	36.3
4317	33.3
4318	44.2
4319	42.7
4320	32.3
4321	34.9
4322	35.1
4323	36.6
4324	42.6
4325	39.3
4326	21.2
4327	30.8
4328	20.5
4329	25
4330	26.5
4331	21.3
4332	46.3
4333	25.4
4334	40.8
4335	42.5
4336	22.4
4337	28.8
4338	46.7
4339	30.1
4340	30.9
4341	36.2
4342	28.1
4343	36.3
4344	40.5
4345	35.3
4346	31.4
4347	37.3
4348	22.5
4349	44.5
4350	38.5
4351	46.6
4352	27.3
4353	47
4354	47.6
4355	35.1
4356	42.5
4357	31.7
4358	33.8
4359	29.3
4360	46.7
4361	34.8
4362	44.6
4363	44.6
4364	34.8
4365	25.7
4366	18.9
4367	42
4368	47.3
4369	37.3
4370	40.9
4371	32.4
4372	49.5
4373	32.8
4374	47.1
4375	42.3
4376	34.6
4377	40
4378	47.6
4379	43.9
4380	45
4381	32.6
4382	50.6
4383	43.9
4384	41
4385	23.3
4386	48.8
4387	47.2
4388	46.6
4389	50.9
4390	21
4391	46.8
4392	47.1
4393	36.9
4394	45.1
4395	44.8
4396	29.7
4397	44.6
4398	38.4
4399	39.3
4400	32.4
4401	28.8
4402	43.1
4403	37.3
4404	49.6
4405	37.7
4406	45
4407	40.4
4408	30.7
4409	33.8
4410	44.4
4411	50.5
4412	45.7
4413	47.6
4414	32.4
4415	30.1
4416	32.7
4417	41.7
4418	44.5
4419	46.4
4420	34.6
4421	47.4
4422	51.3
4423	41.7
4424	15.1
4425	43.7
4426	41.4
4427	38.5
4428	24.9
4429	45
4430	43.6
4431	27.2
4432	52.8
4433	52.1
4434	37.6
4435	20.6
4436	32
4437	47
4438	44.4
4439	43.6
4440	26.9
4441	39.9
4442	20
4443	23.1
4444	39.6
4445	46.3
4446	26
4447	40.6
4448	52.1
4449	25.5
4450	27.1
4451	37.3
4452	41.8
4453	45.4
4454	46.2
4455	50.7
4456	40.6
4457	43.8
4458	45.4
4459	43.8
4460	46.3
4461	45
4462	35.3
4463	40.4
4464	24.3
4465	29.6
4466	48.9
4467	19.3
4468	48.4
4469	41.2
4470	47.2
4471	29.2
4472	52.6
4473	43.8
4474	20.4
4475	34.6
4476	40.6
4477	40.6
4478	42
4479	44.6
4480	38.3
4481	29.1
4482	45.6
4483	36.7
4484	25
4485	48.5
4486	43
4487	46.7
4488	40.9
4489	46.9
4490	40.2
4491	16.7
4492	24.4
4493	22.9
4494	42.5
4495	46.7
4496	36.5
4497	47.1
4498	25.4
4499	36.3
4500	47.4
4501	43.5
4502	30
4503	24.5
4504	39
4505	39.3
4506	39.4
4507	39.7
4508	35.6
4509	36.4
4510	39
4511	40.4
4512	48.7
4513	37.8
4514	23.6
4515	48.1
4516	39.1
4517	34.6
4518	50
4519	44.7
4520	40.5
4521	44.1
4522	18
4523	43.5
4524	47
4525	37.5
4526	30.6
4527	40.2
4528	22.7
4529	48.7
4530	43.3
4531	39.2
4532	15.6
4533	43.1
4534	48.1
4535	37.9
4536	38.8
4537	18.2
4538	42.1
4539	45.9
4540	40.6
4541	51.6
4542	22.5
4543	44.3
4544	23.3
4545	35.5
4546	47
4547	47.5
4548	46.7
4549	40.7
4550	22.1
4551	22.3
4552	42.9
4553	44.8
4554	43.3
4555	40.1
4556	51.2
4557	43.4
4558	40.2
4559	37.9
4560	52
4561	38.4
4562	31.7
4563	38.5
4564	35.9
4565	23.8
4566	47
4567	45.8
4568	47
4569	34.7
4570	43.3
4571	37.1
4572	14.3
4573	46.3
4574	49.4
4575	14.2
4576	46.1
4577	44.2
4578	37.4
4579	31.9
4580	31.7
4581	37.4
4582	40.4
4583	40.3
4584	38.5
4585	39.2
4586	22.2
4587	39.6
4588	36.9
4589	28
4590	28.6
4591	28.4
4592	28.8
4593	39.5
4594	45.8
4595	45.6
4596	53.4
4597	39.5
4598	40.9
4599	19.1
4600	48.5
4601	46.1
4602	41.4
4603	39.5
4604	37.5
4605	50.2
4606	21.8
4607	48.9
4608	22.6
4609	41.4
4610	32.7
4611	38.8
4612	53.8
4613	50.6
4614	36.7
4615	34.5
4616	43.8
4617	41.8
4618	35.5
4619	34.6
4620	41.7
4621	19.3
4622	49.1
4623	45.2
4624	33.5
4625	42
4626	42.3
4627	30.6
4628	41.6
4629	25.3
4630	42.7
4631	45.6
4632	41.2
4633	18.6
4634	44.2
4635	35.2
4636	47.8
4637	36.4
4638	38.7
4639	31.8
4640	39.9
4641	37.5
4642	41.8
4643	36.6
4644	45.6
4645	15.5
4646	39.4
4647	27.6
4648	43.7
4649	35.3
4650	41.1
4651	38
4652	34.5
4653	46.4
4654	38.4
4655	33.5
4656	35.8
4657	40.2
4658	35.5
4659	42.7
4660	28.2
4661	32.2
4662	48.1
4663	30.5
4664	44.2
4665	26.7
4666	18.6
4667	37.7
4668	35
4669	40.7
4670	44.1
4671	32.7
4672	44.7
4673	24.8
4674	40.9
4675	43.5
4676	36.1
4677	16.4
4678	23.7
4679	33.9
4680	42.9
4681	39.6
4682	37.5
4683	30.8
4684	45.9
4685	45.6
4686	43.2
4687	16.5
4688	31.1
4689	41.1
4690	27.1
4691	31.6
4692	51.2
4693	47.6
4694	31
4695	35.9
4696	24.6
4697	30.9
4698	40.8
4699	43
4700	35.9
4701	25.4
4702	34.1
4703	39.9
4704	36.9
4705	42.3
4706	52.1
4707	43.7
4708	36.2
4709	40.1
4710	42.1
4711	27.6
4712	34.6
4713	42.3
4714	45
4715	46.8
4716	23.7
4717	52.2
4718	45.4
4719	31.9
4720	24.7
4721	44.7
4722	46.6
4723	41.9
4724	31
4725	44.2
4726	39.6
4727	29.2
4728	12
4729	18.9
4730	44.7
4731	45.1
4732	46.9
4733	51
4734	24.7
4735	48.1
4736	31.4
4737	41.9
4738	31.3
4739	48.8
4740	52.6
4741	41.7
4742	38.6
4743	45.3
4744	45.5
4745	45
4746	52.1
4747	19.7
4748	38.4
4749	20.5
4750	24.5
4751	27.1
4752	47.5
4753	42
4754	42.3
4755	18.7
4756	49.9
4757	48.6
4758	27.9
4759	26.6
4760	18.8
4761	17.3
4762	41
4763	43.2
4764	35.3
4765	36.6
4766	39.9
4767	44.2
4768	42.3
4769	37.8
4770	26.1
4771	42.4
4772	44.3
4773	20
4774	48.1
4775	50.5
4776	46.9
4777	32.5
4778	37.7
4779	42.9
4780	44.9
4781	33.8
4782	42.1
4783	24.5
4784	31.9
4785	39.7
4786	32.6
4787	45
4788	24
4789	30.2
4790	41.1
4791	40.2
4792	49.1
4793	35.3
4794	48.6
4795	39.8
4796	41.9
4797	36.7
4798	17.5
4799	50.6
4800	39.6
4801	35.6
4802	24.6
4803	28.8
4804	27.7
4805	46.3
4806	33.5
4807	41.1
4808	38.9
4809	50.4
4810	37.9
4811	44.2
4812	34.3
4813	28.6
4814	31.1
4815	39.4
4816	49.1
4817	47.9
4818	44
4819	44
4820	27.5
4821	36.8
4822	44.2
4823	18.2
4824	32.2
4825	43.8
4826	44.1
4827	45.8
4828	39.6
4829	44.4
4830	27.3
4831	56.8
4832	45.9
4833	37.1
4834	40.3
4835	43.7
4836	44.4
4837	37.2
4838	38.6
4839	39.8
4840	37.4
4841	33.2
4842	35.9
4843	28.4
4844	41.9
4845	38.8
4846	28.5
4847	39
4848	40.1
4849	17.5
4850	34.9
4851	46.7
4852	38.6
4853	14
4854	39
4855	37.2
4856	48.7
4857	42.7
4858	21.8
4859	36.7
4860	35.6
4861	17.6
4862	44.4
4863	31.5
4864	52.7
4865	42
4866	30.1
4867	22.9
4868	50.2
4869	50.3
4870	27.9
4871	43.7
4872	15.8
4873	28.3
4874	42.4
4875	46.6
4876	36.1
4877	43.4
4878	23.7
4879	43.2
4880	27.7
4881	48.6
4882	39.7
4883	44.3
4884	43.3
4885	20.6
4886	36.1
4887	39.6
4888	44.7
4889	33.7
4890	19.5
4891	41.1
4892	41.1
4893	51.1
4894	40
4895	41.3
4896	31.3
4897	38.4
4898	41.7
4899	35.6
4900	21.5
4901	44
4902	47.1
4903	38.7
4904	27.7
4905	37.8
4906	39.5
4907	37.5
4908	34.1
4909	22.4
4910	36.8
4911	41.9
4912	40.7
4913	43.5
4914	44.3
4915	34.5
4916	39.5
4917	27.2
4918	36.9
4919	37.9
4920	44.1
4921	31.4
4922	38.8
4923	41.7
4924	30.6
4925	36.7
4926	33.2
4927	45.9
4928	32.9
4929	42.5
4930	36.2
4931	44.4
4932	42.5
4933	47.2
4934	45.9
4935	24.1
4936	29.5
4937	41.7
4938	46.5
4939	26.8
4940	49
4941	36.7
4942	32
4943	34.5
4944	46
4945	50.5
4946	37.4
4947	44.9
4948	42
4949	40.7
4950	48
4951	24.2
4952	44.8
4953	43.3
4954	41.1
4955	21
4956	43.6
4957	38.2
4958	21.4
4959	32.5
4960	40
4961	41.9
4962	35.2
4963	22
4964	36.8
4965	34.3
4966	49.7
4967	47.7
4968	42.3
4969	42.4
4970	14.5
4971	31.9
4972	46
4973	45
4974	28.1
4975	26.6
4976	44.1
4977	41.3
4978	44.3
4979	40.7
4980	34.9
4981	47.9
4982	37.7
4983	44.7
4984	22.6
4985	40.8
4986	21.8
4987	29.8
4988	38.6
4989	44.8
4990	45.8
4991	40.9
4992	41
4993	35.5
4994	35.5
4995	42.7
4996	35.7
4997	42.8
4998	46.6
4999	45.4
5000	47.8
