1	6.9
2	26.7
3	28.7
4	44.8
5	40
6	5.5
7	26.8
8	4.4
9	36.1
10	23.4
11	3.1
12	36.5
13	26.4
14	22.6
15	33.4
16	40.7
17	24.7
18	20.3
19	27.6
20	30.6
21	17
22	5.5
23	36.9
24	40.7
25	32.2
26	23.9
27	34.9
28	1.6
29	24.5
30	3.7
31	47.9
32	18.6
33	39.9
34	36.5
35	32.4
36	3.2
37	30.1
38	6.2
39	37.5
40	4.1
41	32.6
42	40.8
43	1.9
44	34.3
45	2.5
46	10
47	17.3
48	32.4
49	11
50	26.2
51	20.2
52	33.4
53	37.8
54	39.3
55	29.8
56	28.5
57	15.5
58	33.6
59	1.5
60	35.7
61	30.6
62	20.8
63	40.1
64	42.9
65	31
66	35.5
67	2.7
68	29.4
69	5.5
70	8.9
71	19.2
72	41
73	28.1
74	40.1
75	25
76	36.3
77	25.9
78	15.5
79	3
80	41.7
81	21
82	30.9
83	1.9
84	35
85	28
86	35
87	40.7
88	36.4
89	36.2
90	11.1
91	10
92	2.1
93	40.1
94	26.3
95	7.2
96	2.4
97	34.9
98	28.8
99	37.6
100	39.3
101	29.6
102	32.3
103	30.7
104	10
105	4.3
106	17.3
107	9.9
108	19.7
109	9.4
110	20.6
111	36.2
112	11.2
113	10.1
114	16.5
115	11.7
116	34.4
117	7.4
118	10.5
119	17
120	24.7
121	6.3
122	6.9
123	37.6
124	26.5
125	33.6
126	1.3
127	20.2
128	46.5
129	38.5
130	1.7
131	42.8
132	15.6
133	6.2
134	42.1
135	39.9
136	33.8
137	9.7
138	25.8
139	35.2
140	21.1
141	29
142	47.2
143	13.6
144	43
145	4.8
146	3.6
147	12.9
148	6.8
149	32.2
150	46.9
151	31.6
152	28.6
153	29.6
154	3
155	21.9
156	2.3
157	41.3
158	36.2
159	27.7
160	1.3
161	32.8
162	36.5
163	35.3
164	45.6
165	2.2
166	3.6
167	41.6
168	28.9
169	9.2
170	14.9
171	20.9
172	30.2
173	32.1
174	30.1
175	7.6
176	7.8
177	4
178	3
179	6.1
180	3.1
181	27.6
182	38
183	9.6
184	33.2
185	4.3
186	15.6
187	43.3
188	2
189	36.1
190	2
191	28.1
192	14.5
193	2
194	35.3
195	29
196	34
197	34.5
198	29.9
199	20.4
200	25.6
201	40.5
202	26.4
203	34.5
204	11.3
205	38.3
206	36.1
207	29.5
208	29.9
209	4.9
210	20.4
211	34.8
212	9.6
213	33.7
214	28.1
215	25.1
216	4
217	35
218	29
219	39.2
220	37.2
221	4.4
222	30.3
223	35.7
224	18.6
225	9.9
226	16.5
227	41.7
228	43.8
229	0.6
230	24.8
231	21.5
232	42.9
233	40
234	1.2
235	6.4
236	36.1
237	29
238	3.7
239	40.2
240	3.2
241	30.9
242	34.2
243	3.4
244	18.4
245	24.9
246	1.9
247	18.7
248	34.2
249	6.2
250	3.2
251	6.4
252	10.4
253	38.5
254	30.1
255	32.2
256	17.4
257	6.7
258	17.3
259	40.1
260	37.4
261	18.9
262	0.8
263	42.7
264	34.5
265	32
266	35
267	9.1
268	33.2
269	26
270	41.8
271	4.6
272	19.6
273	34.5
274	4.6
275	6.3
276	39.4
277	29.1
278	36.5
279	16.4
280	33.5
281	6.3
282	35.9
283	1.2
284	11.5
285	16.2
286	36.1
287	41.1
288	32.6
289	37.8
290	37.2
291	37.3
292	35.2
293	43.1
294	27.9
295	38.7
296	37.4
297	2.3
298	32.3
299	31.6
300	3
301	2.8
302	28.1
303	3.6
304	11.9
305	30.1
306	37.9
307	36.6
308	29
309	5
310	31.5
311	16.9
312	2
313	7.2
314	12.7
315	34.1
316	31.4
317	30.6
318	30.4
319	31.8
320	6.4
321	21
322	18.9
323	9.3
324	44.4
325	30.2
326	32.2
327	25.8
328	5.1
329	30.9
330	46.1
331	32.3
332	2.4
333	36
334	1.6
335	38.4
336	8.7
337	32.5
338	1.4
339	45.1
340	1.7
341	1.2
342	8.3
343	34.6
344	41
345	33.3
346	30.3
347	31.2
348	11.7
349	41
350	6.8
351	29.8
352	31.3
353	10
354	6.5
355	35.7
356	34.1
357	38.3
358	17.1
359	18.4
360	16.6
361	16.7
362	41.8
363	16.3
364	5
365	17.4
366	7.4
367	7.6
368	24
369	34.3
370	39.2
371	21.2
372	5.7
373	23.4
374	32.2
375	2.8
376	22.7
377	28.5
378	6.4
379	44.7
380	7.6
381	2.1
382	36.5
383	40.5
384	29.9
385	34.2
386	5.5
387	29.5
388	4.4
389	29
390	9.5
391	34.8
392	19.9
393	27.3
394	20.6
395	23.6
396	32.1
397	28.6
398	4.1
399	11.5
400	1
401	9.1
402	3.9
403	4.5
404	27.2
405	24.2
406	29
407	21.3
408	2.5
409	8.3
410	20.1
411	10.8
412	4.7
413	43.7
414	3.2
415	31.9
416	6.8
417	33.5
418	28.7
419	43.8
420	38.6
421	4.7
422	31.7
423	26
424	5
425	12.5
426	33.6
427	27.6
428	27.8
429	37.9
430	30.7
431	29
432	11.5
433	5.5
434	27.1
435	36.7
436	15
437	22.1
438	38
439	3.3
440	24.7
441	19.6
442	13.6
443	1.5
444	22.1
445	41.1
446	28.4
447	33.6
448	11.5
449	23.9
450	34.1
451	36.1
452	1.8
453	16.1
454	35.3
455	37.7
456	17
457	45.2
458	32.8
459	2.4
460	36.9
461	7
462	37.3
463	34.7
464	11.1
465	36.9
466	30.5
467	31
468	1.9
469	42.2
470	1.5
471	5.8
472	36.1
473	40.5
474	29.9
475	31
476	29
477	30.4
478	15.8
479	13.7
480	33.4
481	3.9
482	20.8
483	3.8
484	15.3
485	2.3
486	2.1
487	34.9
488	29.7
489	35.2
490	12.3
491	5.4
492	12.5
493	2.5
494	25.2
495	24.8
496	1.4
497	27.2
498	31.8
499	1.1
500	19.9
501	24.8
502	40.4
503	7.1
504	3
505	5.8
506	29.8
507	12.1
508	43.1
509	1.1
510	28.5
511	40.6
512	39.4
513	28.4
514	30.8
515	37.5
516	3
517	39.7
518	33.1
519	16.5
520	13.1
521	25.2
522	24.4
523	4.6
524	29.4
525	34.5
526	31.3
527	33.1
528	26.4
529	34.1
530	26
531	33.5
532	8.3
533	3.2
534	27.8
535	35
536	27.3
537	21
538	2.2
539	32.2
540	7.8
541	7.9
542	41.5
543	32.2
544	47.1
545	15
546	1.1
547	2.4
548	33.9
549	27.5
550	19.1
551	22.5
552	18.3
553	37.4
554	46.9
555	36.8
556	33.7
557	1.6
558	38.8
559	16
560	20.2
561	43.9
562	16.1
563	14.3
564	4.7
565	16.1
566	27
567	8.5
568	1.5
569	32.5
570	3.3
571	37
572	9.2
573	29.7
574	9.8
575	33.2
576	34.7
577	32.1
578	9.8
579	1.1
580	43.5
581	26.9
582	18.8
583	2.2
584	36.7
585	32.6
586	28.6
587	32.1
588	4.9
589	19
590	25.2
591	11.2
592	30.2
593	7.7
594	29.5
595	31.4
596	34.1
597	23.1
598	19.8
599	36
600	14.9
601	44.7
602	11.6
603	19.8
604	30.5
605	11.2
606	40.1
607	38.3
608	12.7
609	1.7
610	17.7
611	39.7
612	25.8
613	38.6
614	31.1
615	42.1
616	42
617	40.1
618	5
619	22.4
620	33.9
621	23.5
622	34.7
623	24.1
624	23.8
625	11.4
626	14.7
627	2.9
628	0.5
629	36.2
630	5
631	6.2
632	37.5
633	36
634	6
635	34.1
636	36.6
637	24.6
638	1.3
639	32.8
640	41.8
641	29.6
642	15.4
643	36.2
644	2.8
645	21.8
646	2
647	26.8
648	19.9
649	4.2
650	33.9
651	4.8
652	35.6
653	6.1
654	34.6
655	34.2
656	2.3
657	4.2
658	32.9
659	34.9
660	4
661	36.3
662	11.4
663	26.5
664	32.2
665	31.5
666	29.7
667	36.5
668	35.7
669	13.5
670	5
671	39.2
672	10.2
673	22.3
674	35.2
675	19.3
676	28.9
677	38.9
678	28
679	12.6
680	33.1
681	26.3
682	21.3
683	19.7
684	37.1
685	20.5
686	9.4
687	36.8
688	20.3
689	25.9
690	19.1
691	1.5
692	15.2
693	3.1
694	26.9
695	5.5
696	1.4
697	45.2
698	24.7
699	36
700	38.6
701	31
702	31
703	35.5
704	40.2
705	9.6
706	31.3
707	41.8
708	30.1
709	14.8
710	32.2
711	2.4
712	28.1
713	4.7
714	5.7
715	21.3
716	37
717	24.7
718	34.4
719	3.4
720	4
721	3.5
722	16.2
723	15.6
724	32
725	42.3
726	34.4
727	30.9
728	16.6
729	4.5
730	33.4
731	20.5
732	30.5
733	14.5
734	41.5
735	34.5
736	2
737	19.5
738	4.3
739	33.8
740	36.9
741	32.6
742	31.6
743	42.8
744	33
745	15.9
746	4.4
747	35
748	24.3
749	42.9
750	27.1
751	33
752	28.5
753	3.1
754	2.8
755	28.7
756	36.1
757	18.8
758	36.1
759	36.9
760	5.4
761	29.8
762	37.7
763	3.9
764	35.8
765	35.3
766	20.6
767	4
768	33
769	35.7
770	29.6
771	13.3
772	41.9
773	38.5
774	0.6
775	35.4
776	13.1
777	32.8
778	23.4
779	32.7
780	30.1
781	35.1
782	38.1
783	2.7
784	29.9
785	34.8
786	39.5
787	5.8
788	1.2
789	27.6
790	5.2
791	7.9
792	5.5
793	34
794	34.3
795	9.3
796	33.6
797	37.4
798	25.6
799	39.7
800	3.9
801	4.3
802	27.8
803	13.1
804	31.8
805	4.8
806	38.9
807	30.5
808	2.5
809	38.6
810	28.5
811	31.7
812	31.6
813	36.9
814	25.5
815	37
816	7.7
817	31.2
818	22.8
819	2.8
820	33.8
821	38.2
822	37.9
823	20.1
824	6.9
825	32.8
826	7.7
827	16.9
828	43.3
829	35.7
830	28.6
831	31.1
832	10.7
833	19.5
834	36.9
835	3.7
836	4.4
837	36.4
838	28.1
839	6.8
840	35
841	41.9
842	4.8
843	33.9
844	2.9
845	38.2
846	29
847	3.6
848	33.3
849	33.8
850	45.8
851	10.1
852	25.2
853	5.3
854	32.8
855	37.8
856	41.7
857	2.5
858	27.5
859	32.4
860	42.3
861	35.2
862	39.4
863	2.6
864	32.3
865	38.3
866	37
867	23.5
868	7.6
869	24.4
870	7.1
871	32.1
872	36.4
873	16
874	6.6
875	13.3
876	16.6
877	40.8
878	7.5
879	36.3
880	37.5
881	29.3
882	28.6
883	5.9
884	19.8
885	28.1
886	30.7
887	20.4
888	16.3
889	30.1
890	36.2
891	28.9
892	9.6
893	18.8
894	6.6
895	9.1
896	40.3
897	30.2
898	1
899	37.7
900	37.8
901	9
902	45.9
903	42.7
904	27.5
905	1.3
906	3.1
907	39.9
908	3.1
909	30
910	33.4
911	34.9
912	3.2
913	33.9
914	34.8
915	23.3
916	30
917	1.8
918	34.4
919	33.9
920	19.2
921	17
922	43.9
923	36.5
924	10
925	36.8
926	45.3
927	23.8
928	37.5
929	8.6
930	23
931	34.5
932	30
933	33.4
934	10.1
935	7.2
936	36.1
937	36
938	22.2
939	7.9
940	2.7
941	33.8
942	31.4
943	35.1
944	27.7
945	37.6
946	9.3
947	5.3
948	21.3
949	30
950	24.9
951	25.7
952	42.2
953	33.2
954	35.7
955	27.2
956	2.6
957	29.5
958	20.8
959	30.9
960	9.2
961	8.4
962	12.7
963	2.7
964	32.7
965	14.4
966	24.3
967	28.2
968	18.7
969	10.8
970	2.4
971	32.2
972	3.3
973	11.7
974	7.8
975	17.8
976	33.8
977	20.7
978	17.6
979	32.1
980	31.2
981	25.3
982	34
983	45.6
984	31.6
985	32
986	26.6
987	33.3
988	3.6
989	43.8
990	35.1
991	2.3
992	2.5
993	35.3
994	46.2
995	40.1
996	41.3
997	13.7
998	22.4
999	28
1000	33.9
1001	24.2
1002	24.5
1003	6.6
1004	22
1005	16.8
1006	13
1007	4.5
1008	29.6
1009	7
1010	30
1011	17.1
1012	4
1013	7.8
1014	1.5
1015	34
1016	5.8
1017	39.9
1018	24.2
1019	36.2
1020	44.1
1021	31.8
1022	6.8
1023	45
1024	9.1
1025	35.5
1026	1.9
1027	44.6
1028	41.1
1029	10.3
1030	2.5
1031	31.1
1032	9.5
1033	3.7
1034	13.5
1035	12.1
1036	4.7
1037	36.9
1038	36.7
1039	36.9
1040	19
1041	2.1
1042	34.4
1043	13.9
1044	32
1045	32.4
1046	39.6
1047	3.7
1048	15.4
1049	35.6
1050	39.8
1051	8.7
1052	20.1
1053	32
1054	3.5
1055	6.8
1056	14.7
1057	31.5
1058	32.6
1059	39.3
1060	27.8
1061	42.8
1062	37.1
1063	7.3
1064	46
1065	17.1
1066	3.8
1067	11.1
1068	40.8
1069	20.3
1070	10.4
1071	13.8
1072	31.7
1073	9.3
1074	33.7
1075	13.6
1076	16.7
1077	24.2
1078	34.1
1079	31.3
1080	34.3
1081	40
1082	1.3
1083	24.8
1084	29.5
1085	36
1086	32
1087	41.7
1088	37
1089	16.4
1090	23.7
1091	34.5
1092	34
1093	17.9
1094	26.3
1095	34.9
1096	6.5
1097	19.4
1098	28.3
1099	28.6
1100	23.9
1101	4.6
1102	9.4
1103	38.9
1104	37.3
1105	31.4
1106	17.1
1107	31
1108	8.4
1109	35.9
1110	3.8
1111	35.6
1112	22.2
1113	36.7
1114	31.5
1115	33.8
1116	16.3
1117	4.6
1118	30.1
1119	10.1
1120	4.4
1121	8.4
1122	1.3
1123	36.4
1124	30.2
1125	37.3
1126	33.1
1127	10.9
1128	20.3
1129	8.7
1130	30
1131	19.1
1132	26.6
1133	39.8
1134	35.1
1135	14.6
1136	20.7
1137	23.6
1138	12.9
1139	5
1140	33.4
1141	16.6
1142	2.5
1143	31.4
1144	1.9
1145	29.9
1146	3.1
1147	10.6
1148	6.9
1149	34.7
1150	2.1
1151	5.3
1152	24.6
1153	34.5
1154	32.7
1155	5.5
1156	6.4
1157	20.9
1158	2.9
1159	3.7
1160	17.7
1161	10.6
1162	6.1
1163	9.9
1164	39.7
1165	0.7
1166	17
1167	34.6
1168	8.8
1169	18.5
1170	37.3
1171	43.4
1172	19.6
1173	42
1174	38.2
1175	36
1176	8.2
1177	20.6
1178	20.5
1179	7.5
1180	27.2
1181	27.4
1182	2
1183	9.6
1184	32.9
1185	12.4
1186	33.6
1187	28.3
1188	42.1
1189	38.5
1190	2.1
1191	4.3
1192	25.9
1193	31.5
1194	13.8
1195	38.8
1196	1.2
1197	27.7
1198	25.4
1199	5.7
1200	3.5
1201	41.4
1202	38.7
1203	12.6
1204	34.9
1205	11.3
1206	35.3
1207	37.4
1208	34.7
1209	2.7
1210	35
1211	9.7
1212	41.5
1213	36.8
1214	2.6
1215	19.6
1216	37.3
1217	1.8
1218	1.7
1219	20.3
1220	23.1
1221	31.2
1222	30.5
1223	28.5
1224	27.4
1225	6.1
1226	17.1
1227	8.3
1228	8.7
1229	42
1230	10.8
1231	2
1232	29.9
1233	34.6
1234	1
1235	19.5
1236	6.5
1237	24.4
1238	16
1239	35.1
1240	3.4
1241	2.4
1242	34.4
1243	28.4
1244	30.4
1245	1.8
1246	33.2
1247	22.7
1248	29.3
1249	37.1
1250	40.5
1251	5
1252	16.1
1253	2.3
1254	36.4
1255	3.9
1256	32.5
1257	32.8
1258	35.9
1259	6.5
1260	1.6
1261	23.6
1262	12.8
1263	7.3
1264	17.7
1265	8.4
1266	15.6
1267	13.7
1268	17
1269	16.6
1270	39.5
1271	6.7
1272	41.4
1273	12.8
1274	23.1
1275	3.4
1276	29.4
1277	28.3
1278	18.1
1279	17.8
1280	29.7
1281	24.2
1282	35.4
1283	1.7
1284	42.1
1285	26.5
1286	36.7
1287	35.6
1288	17.8
1289	41.3
1290	35.5
1291	4.2
1292	7.8
1293	32.5
1294	18.8
1295	33.4
1296	38.3
1297	22.7
1298	40.3
1299	23.4
1300	21.6
1301	40.8
1302	20
1303	39.4
1304	36
1305	41.6
1306	29.3
1307	39.8
1308	15.6
1309	2.5
1310	41.5
1311	9.6
1312	3.7
1313	17.4
1314	1.8
1315	38.1
1316	9.7
1317	34
1318	22.6
1319	26.6
1320	35.2
1321	7.9
1322	44.4
1323	1.8
1324	36.8
1325	27.2
1326	2.9
1327	25
1328	31.5
1329	36
1330	36.8
1331	33
1332	30
1333	3.3
1334	31.7
1335	2
1336	27.1
1337	11.3
1338	43.3
1339	29.7
1340	36.1
1341	35.5
1342	3.5
1343	31.6
1344	17.3
1345	38.1
1346	2.2
1347	32
1348	32.7
1349	1.2
1350	21.2
1351	17.6
1352	13.4
1353	37.4
1354	32.4
1355	20.1
1356	24.9
1357	28.5
1358	33
1359	43.7
1360	23.6
1361	28.6
1362	36.1
1363	33.1
1364	37.6
1365	2
1366	28.6
1367	17.5
1368	8.2
1369	36.4
1370	7
1371	16.1
1372	26.3
1373	42.5
1374	40.8
1375	2.2
1376	7.5
1377	33.3
1378	13.3
1379	42
1380	35.7
1381	30.5
1382	12.2
1383	31.2
1384	35.9
1385	21.3
1386	25.9
1387	28.9
1388	28.8
1389	3.1
1390	35.8
1391	21
1392	31.9
1393	7.3
1394	22.6
1395	38
1396	13.7
1397	14
1398	19
1399	23.8
1400	21
1401	24
1402	31.8
1403	32.6
1404	6.3
1405	41.1
1406	16
1407	8.2
1408	6.4
1409	3
1410	32.2
1411	2.6
1412	21.1
1413	23.5
1414	36.7
1415	30.7
1416	33.1
1417	3.3
1418	37.3
1419	4.6
1420	27.5
1421	9.3
1422	26.8
1423	30.2
1424	21.3
1425	29.6
1426	33.7
1427	34.2
1428	4.8
1429	1.7
1430	24.2
1431	9.3
1432	36.1
1433	39.6
1434	11
1435	33.3
1436	30.2
1437	36.8
1438	9.5
1439	29.4
1440	30.3
1441	38.9
1442	16.4
1443	4.2
1444	10.8
1445	32.3
1446	20.9
1447	24.7
1448	4.4
1449	3.4
1450	21.5
1451	32.7
1452	8
1453	3.7
1454	32.7
1455	33.8
1456	35.9
1457	27.7
1458	13.8
1459	19.7
1460	11.5
1461	26
1462	30
1463	34.8
1464	14.6
1465	38.4
1466	23
1467	2.5
1468	11.1
1469	17.4
1470	5.5
1471	31.2
1472	10.8
1473	35.7
1474	37.8
1475	8
1476	41.4
1477	28.9
1478	30.7
1479	1.8
1480	31.6
1481	17
1482	31
1483	1.6
1484	7.7
1485	0.8
1486	26.6
1487	28.1
1488	24.6
1489	5.4
1490	28.4
1491	29.6
1492	13.8
1493	15.6
1494	12.3
1495	3.9
1496	6.5
1497	30.2
1498	19
1499	5.3
1500	27
1501	31.7
1502	22.1
1503	32.2
1504	31.4
1505	38
1506	34.1
1507	34.1
1508	1.6
1509	38.6
1510	35.5
1511	18.1
1512	20.4
1513	26.7
1514	16.6
1515	26.5
1516	34
1517	32.8
1518	24.6
1519	43.5
1520	31
1521	35.9
1522	18.2
1523	29.2
1524	33.9
1525	8.6
1526	19.1
1527	40.7
1528	27
1529	10.4
1530	29.5
1531	13.7
1532	6
1533	2.1
1534	2.2
1535	31.2
1536	33.2
1537	14.3
1538	31.7
1539	39.3
1540	15.3
1541	35.4
1542	35.8
1543	31.2
1544	10.8
1545	29
1546	6.9
1547	1.6
1548	40.8
1549	6.9
1550	9.3
1551	9.5
1552	38.4
1553	35.6
1554	33.4
1555	29.2
1556	40.9
1557	11.4
1558	4.2
1559	36.1
1560	15.4
1561	21.6
1562	10.7
1563	36.9
1564	41
1565	26.5
1566	24.4
1567	33.7
1568	3
1569	7.3
1570	19
1571	26.6
1572	34.2
1573	42.5
1574	30.8
1575	32.3
1576	40
1577	8.8
1578	2
1579	31.2
1580	45.5
1581	3.3
1582	11
1583	13.2
1584	19.4
1585	28.2
1586	10.3
1587	3.5
1588	3.9
1589	6.2
1590	29.1
1591	12.6
1592	11.4
1593	24.5
1594	33.3
1595	20.5
1596	13.1
1597	2.4
1598	35.7
1599	10.7
1600	33.4
1601	19.1
1602	26.3
1603	3.5
1604	30.2
1605	8.4
1606	30.3
1607	32.6
1608	2
1609	28.5
1610	42.4
1611	38.3
1612	35.6
1613	33.3
1614	19.7
1615	28.7
1616	41.6
1617	27.6
1618	3.6
1619	3
1620	32.9
1621	24.2
1622	41.8
1623	18.3
1624	40.5
1625	35.5
1626	43.8
1627	2
1628	20.8
1629	23.9
1630	30.3
1631	2
1632	40.8
1633	38.8
1634	33.8
1635	25.9
1636	30.7
1637	18.6
1638	22.4
1639	20.5
1640	6.6
1641	39.1
1642	30.7
1643	33
1644	39.9
1645	33.6
1646	39.1
1647	6.1
1648	25.2
1649	29.5
1650	6.3
1651	1.9
1652	31.8
1653	27.3
1654	22
1655	28.7
1656	35.5
1657	42.4
1658	12.3
1659	26.3
1660	30.9
1661	25.7
1662	36.8
1663	3.2
1664	4.3
1665	20.5
1666	26.9
1667	23.6
1668	2.2
1669	37.9
1670	37.7
1671	1.8
1672	1.2
1673	23.5
1674	17.3
1675	1.1
1676	35.2
1677	21.7
1678	18.7
1679	6.2
1680	39.7
1681	38.1
1682	3.8
1683	5.2
1684	7.7
1685	37.4
1686	21.2
1687	34.2
1688	27.3
1689	30.3
1690	38.1
1691	5.8
1692	2.3
1693	36.5
1694	4.6
1695	2.3
1696	4.4
1697	35.8
1698	36.6
1699	28.9
1700	39.7
1701	31.6
1702	28.4
1703	8.3
1704	8.6
1705	34.9
1706	10.9
1707	26
1708	27.8
1709	18.2
1710	38.5
1711	35.4
1712	25.5
1713	25.1
1714	27.5
1715	26.4
1716	30.7
1717	4.3
1718	36
1719	25.1
1720	2.7
1721	30.4
1722	30.7
1723	31.5
1724	3.2
1725	18.5
1726	2.1
1727	30.5
1728	5.8
1729	39.9
1730	3.6
1731	30.1
1732	26.3
1733	22.2
1734	12.2
1735	2.1
1736	41.2
1737	27.6
1738	27.5
1739	43
1740	14.1
1741	24.8
1742	8.5
1743	40.5
1744	35
1745	45.4
1746	40.9
1747	16.1
1748	41.3
1749	30.3
1750	21.8
1751	35.1
1752	16
1753	34.1
1754	35.4
1755	8.5
1756	23.9
1757	1.7
1758	12.1
1759	20
1760	9.5
1761	35.2
1762	39.3
1763	17.4
1764	2.6
1765	29.3
1766	8.9
1767	2.7
1768	29.7
1769	25.9
1770	22.2
1771	12.9
1772	2.7
1773	8.3
1774	7.9
1775	4.1
1776	36.2
1777	33.1
1778	17.8
1779	6.8
1780	12.2
1781	3.2
1782	31.8
1783	38.5
1784	33.5
1785	33.4
1786	17.6
1787	5
1788	3.5
1789	29.2
1790	7.8
1791	19
1792	33.5
1793	42.5
1794	1.5
1795	17
1796	38.6
1797	30.4
1798	14.4
1799	26.1
1800	9.2
1801	8.9
1802	36.6
1803	25
1804	2.3
1805	2.3
1806	14
1807	23.4
1808	38.7
1809	37
1810	30.3
1811	3.7
1812	7.2
1813	22.2
1814	18
1815	35.3
1816	7.5
1817	22.8
1818	34.9
1819	29.2
1820	3.4
1821	26.4
1822	34.7
1823	31.5
1824	12.7
1825	31.7
1826	9.5
1827	21.5
1828	8.6
1829	4.2
1830	12.3
1831	9.1
1832	32.4
1833	13.4
1834	2.2
1835	17.1
1836	6.1
1837	37.5
1838	24.4
1839	26
1840	3.6
1841	32.8
1842	33.8
1843	22
1844	27.6
1845	8.2
1846	22.8
1847	43
1848	23
1849	36.9
1850	7.8
1851	14
1852	26.3
1853	11.9
1854	2.7
1855	5.6
1856	37.2
1857	6.3
1858	33.3
1859	8.3
1860	2.3
1861	3.5
1862	22.3
1863	18.4
1864	30.8
1865	6.6
1866	5.9
1867	10.8
1868	4
1869	25
1870	30.7
1871	32.7
1872	18.1
1873	23.3
1874	34.3
1875	40.6
1876	35.2
1877	9.9
1878	2.9
1879	35.2
1880	36.8
1881	2.8
1882	37.2
1883	43.5
1884	30
1885	21.8
1886	28.7
1887	16.5
1888	21.6
1889	16.8
1890	14.4
1891	1.7
1892	42.1
1893	35.6
1894	15.8
1895	2.7
1896	14.7
1897	4
1898	14
1899	8.6
1900	2.6
1901	1.9
1902	1.9
1903	19.4
1904	12.4
1905	35.4
1906	33.9
1907	34.6
1908	44.3
1909	26
1910	3.5
1911	28.6
1912	46.4
1913	38.9
1914	43.5
1915	28.8
1916	38
1917	40.1
1918	27.4
1919	3.4
1920	24.8
1921	34.8
1922	32
1923	3.4
1924	30.4
1925	20.5
1926	39.3
1927	3.5
1928	9.2
1929	6.9
1930	34.4
1931	22.3
1932	2.5
1933	6.4
1934	19.8
1935	15.1
1936	34.1
1937	3.3
1938	40.1
1939	31.8
1940	4.1
1941	13.5
1942	15.9
1943	12.6
1944	31.1
1945	34.4
1946	1.8
1947	5.1
1948	31.7
1949	31.1
1950	6
1951	28
1952	28.3
1953	35.8
1954	23.8
1955	23.9
1956	26.1
1957	12.2
1958	34.3
1959	9.4
1960	29.2
1961	34.5
1962	24.9
1963	35.4
1964	19.6
1965	34.5
1966	30.2
1967	13.4
1968	20.7
1969	22.1
1970	36
1971	36.4
1972	28
1973	2.3
1974	33.1
1975	27.7
1976	28.5
1977	11.2
1978	7.8
1979	34.5
1980	35.3
1981	26.1
1982	4.9
1983	17.1
1984	28.4
1985	31.5
1986	8.5
1987	23.1
1988	27.1
1989	29
1990	39.4
1991	33.8
1992	12.6
1993	36.4
1994	6.9
1995	34.3
1996	31.3
1997	32.2
1998	29
1999	2.8
2000	36.3
2001	4.2
2002	2.9
2003	42.3
2004	1.7
2005	21.7
2006	41.6
2007	18.9
2008	31.3
2009	17.1
2010	29
2011	26.1
2012	39.3
2013	28.4
2014	7.4
2015	26.8
2016	8.3
2017	3.7
2018	30.6
2019	36.3
2020	30.6
2021	4.4
2022	34.5
2023	26.6
2024	39.4
2025	10.2
2026	24.5
2027	34
2028	39.1
2029	4.6
2030	20.7
2031	40.5
2032	38.6
2033	1.9
2034	34.4
2035	21.8
2036	10.1
2037	4.5
2038	37.2
2039	4.2
2040	13.8
2041	40.2
2042	34.9
2043	42.5
2044	39.1
2045	15.4
2046	21
2047	34.2
2048	37.8
2049	42.9
2050	29.1
2051	35.5
2052	24
2053	35.4
2054	28.2
2055	4.7
2056	6.6
2057	24.4
2058	39.6
2059	30.6
2060	36.8
2061	26.9
2062	6.2
2063	19.1
2064	20.2
2065	35.8
2066	34.5
2067	2.1
2068	35.8
2069	3.8
2070	42.4
2071	40
2072	2.1
2073	39.8
2074	34.3
2075	34.5
2076	43.5
2077	29.9
2078	16.7
2079	33.3
2080	17.5
2081	28
2082	40.5
2083	23.9
2084	37.9
2085	5.1
2086	44
2087	2.6
2088	38.7
2089	4.4
2090	6.1
2091	7.6
2092	8.7
2093	33.7
2094	16.4
2095	22.4
2096	19.5
2097	18
2098	27.6
2099	24.4
2100	8.3
2101	28
2102	35.1
2103	4.7
2104	26.6
2105	13.5
2106	3.9
2107	4.6
2108	7.2
2109	24.9
2110	39.6
2111	1.4
2112	35.4
2113	8.8
2114	34.2
2115	36.8
2116	35.3
2117	31.1
2118	1.7
2119	32.1
2120	25.8
2121	2.5
2122	0.4
2123	33
2124	30.8
2125	17.2
2126	5.4
2127	9.6
2128	35.1
2129	41.8
2130	38.6
2131	4.2
2132	9.4
2133	32.1
2134	40.6
2135	2.2
2136	20.7
2137	10.8
2138	19.5
2139	4
2140	33.1
2141	38.2
2142	25
2143	25.7
2144	29.9
2145	2.3
2146	41.8
2147	30.6
2148	1.6
2149	18.2
2150	13.9
2151	26.8
2152	4.4
2153	8.7
2154	23
2155	20.9
2156	4.3
2157	34.4
2158	14.1
2159	14.9
2160	18
2161	37
2162	27.8
2163	23.6
2164	3.2
2165	30.9
2166	5.8
2167	14.2
2168	23.2
2169	2.2
2170	26.8
2171	10.1
2172	8.5
2173	41.8
2174	23.1
2175	9.2
2176	5.6
2177	37
2178	15.1
2179	28.3
2180	8.6
2181	3.7
2182	40.4
2183	15.5
2184	16.5
2185	22.4
2186	33.1
2187	31
2188	9.4
2189	4
2190	37.2
2191	0.6
2192	11.8
2193	39.3
2194	33.8
2195	37.5
2196	36.5
2197	3
2198	23.8
2199	20.6
2200	3
2201	1.2
2202	33.1
2203	34.4
2204	5.4
2205	23.1
2206	7.3
2207	37
2208	28.2
2209	36.4
2210	32
2211	43.4
2212	35.5
2213	11.6
2214	22.5
2215	30.1
2216	43.3
2217	29.6
2218	13.2
2219	36.5
2220	37.3
2221	2.4
2222	32.9
2223	16
2224	13.1
2225	2
2226	30.9
2227	13.6
2228	27.2
2229	34.4
2230	27.3
2231	3.4
2232	4.9
2233	1.2
2234	15.8
2235	12.8
2236	27.7
2237	20.5
2238	22.1
2239	28.8
2240	16.6
2241	4.1
2242	42.9
2243	18
2244	41.2
2245	20.4
2246	34.3
2247	20.2
2248	24.9
2249	12
2250	36.2
2251	5.5
2252	25.8
2253	2.7
2254	31.5
2255	28.9
2256	11.1
2257	34.4
2258	4.4
2259	44.3
2260	17.4
2261	2.4
2262	11
2263	23.1
2264	39.5
2265	1.6
2266	13.7
2267	18.7
2268	33.1
2269	31.8
2270	25
2271	4.8
2272	24.6
2273	13.1
2274	18.7
2275	10.2
2276	26.5
2277	3.4
2278	4.9
2279	26.9
2280	35.2
2281	35.3
2282	31.5
2283	9
2284	32.2
2285	3.3
2286	35.7
2287	40.4
2288	1
2289	17.4
2290	7.9
2291	28.1
2292	26.8
2293	35.7
2294	45
2295	20.5
2296	28.5
2297	27.7
2298	37.2
2299	32.8
2300	29.3
2301	34.3
2302	31
2303	15.8
2304	25.5
2305	30.5
2306	6
2307	4.9
2308	20.5
2309	5.2
2310	12.7
2311	25.7
2312	26.3
2313	8.4
2314	28
2315	16.9
2316	6.1
2317	28.4
2318	21.3
2319	17.7
2320	36.4
2321	21.6
2322	7.5
2323	5.2
2324	19.6
2325	4.7
2326	4
2327	18.1
2328	21.5
2329	37.5
2330	28.7
2331	11.9
2332	38.8
2333	32.8
2334	21.9
2335	38.9
2336	33
2337	35.9
2338	22.8
2339	34.7
2340	42.1
2341	31.6
2342	35.8
2343	32
2344	1.5
2345	35.2
2346	34.4
2347	24.1
2348	27.2
2349	30.8
2350	37.8
2351	20.4
2352	28.1
2353	11.4
2354	13.5
2355	47.4
2356	1.7
2357	29.7
2358	28.3
2359	24.7
2360	39.9
2361	2.9
2362	31.4
2363	24.6
2364	44.7
2365	32.8
2366	40.2
2367	33.6
2368	23.2
2369	2.3
2370	33.4
2371	3.5
2372	10.4
2373	19.2
2374	16.5
2375	18.8
2376	28.5
2377	13.3
2378	16.7
2379	1.5
2380	23.3
2381	37.1
2382	29.1
2383	6.5
2384	36.5
2385	4.8
2386	35.2
2387	25.2
2388	43.7
2389	39.2
2390	13.5
2391	44.4
2392	29.6
2393	41.3
2394	7.8
2395	38.5
2396	28.6
2397	5
2398	5.6
2399	28.8
2400	38.7
2401	17.4
2402	6
2403	20.1
2404	36.4
2405	37.8
2406	7.1
2407	27.9
2408	30.3
2409	1.5
2410	36.1
2411	31.4
2412	45.7
2413	31.9
2414	6.5
2415	19.4
2416	35.2
2417	36.7
2418	5.6
2419	16.8
2420	1.4
2421	46.9
2422	8.3
2423	30.4
2424	29.4
2425	27.8
2426	10.3
2427	34.8
2428	38.8
2429	34.2
2430	4.7
2431	31
2432	3.7
2433	6.3
2434	16.6
2435	18.2
2436	36
2437	27.7
2438	18.8
2439	32.6
2440	33.1
2441	2.6
2442	26.2
2443	33.5
2444	34.6
2445	2
2446	38.4
2447	32.6
2448	29.5
2449	20
2450	19.3
2451	3.7
2452	36.8
2453	32.9
2454	35.7
2455	38.4
2456	36.4
2457	29.1
2458	42.2
2459	12.8
2460	29.8
2461	6.5
2462	41.1
2463	35.8
2464	31.6
2465	41.8
2466	2.8
2467	8.9
2468	32.1
2469	34.8
2470	21.1
2471	29.1
2472	21
2473	26.9
2474	23.7
2475	14.1
2476	28.6
2477	18
2478	38.3
2479	33.1
2480	14.5
2481	9.5
2482	21.4
2483	1.1
2484	17.2
2485	40.6
2486	31.9
2487	10.2
2488	2.1
2489	44
2490	31.2
2491	12
2492	3.6
2493	2.6
2494	18.4
2495	3.1
2496	15.5
2497	42.1
2498	6.6
2499	18.8
2500	1.3
2501	13.9
2502	27
2503	24.8
2504	37.9
2505	11.1
2506	48
2507	30.4
2508	28.5
2509	4.3
2510	38.5
2511	26.5
2512	37.3
2513	2.7
2514	29.4
2515	2.7
2516	26.5
2517	35.4
2518	42.6
2519	7.5
2520	45
2521	4.1
2522	9.8
2523	35.1
2524	28.7
2525	31.2
2526	38.8
2527	36.7
2528	36.3
2529	41.5
2530	3.9
2531	27.7
2532	36.9
2533	38.4
2534	25.5
2535	30
2536	20.4
2537	34.9
2538	14.3
2539	37.9
2540	4.5
2541	26.7
2542	7.1
2543	39.3
2544	23.3
2545	1.3
2546	42
2547	34
2548	18.3
2549	35.8
2550	9.1
2551	41.7
2552	31.6
2553	25.6
2554	40.9
2555	40.8
2556	37.5
2557	25.8
2558	44.8
2559	5.9
2560	32
2561	23
2562	30.6
2563	9.6
2564	4.4
2565	4
2566	7.1
2567	23.2
2568	30.3
2569	3.5
2570	40
2571	2.2
2572	39.1
2573	6.1
2574	16
2575	25.8
2576	7.1
2577	37.7
2578	1.7
2579	1.5
2580	10.7
2581	17.2
2582	3.1
2583	1
2584	7.7
2585	6.3
2586	21.6
2587	3.9
2588	33.2
2589	11.3
2590	5.3
2591	36.4
2592	8.6
2593	30.9
2594	36.6
2595	30.8
2596	31.3
2597	37.2
2598	23.3
2599	28.5
2600	30.5
2601	30
2602	14.4
2603	36.9
2604	22.1
2605	42.2
2606	6.8
2607	27.7
2608	29.4
2609	22.3
2610	47.6
2611	24.9
2612	42.7
2613	41.6
2614	28
2615	7.8
2616	27.7
2617	13.3
2618	14
2619	37.3
2620	1.1
2621	29.9
2622	3.8
2623	10.8
2624	7.2
2625	24.8
2626	42.5
2627	36.4
2628	23.3
2629	26.3
2630	14.9
2631	39
2632	15.8
2633	35.7
2634	6.2
2635	19.5
2636	19.3
2637	35.4
2638	23.5
2639	37.3
2640	32.9
2641	13.1
2642	6.2
2643	14.3
2644	15.3
2645	34.6
2646	6.3
2647	29.7
2648	31.9
2649	39.6
2650	30.7
2651	19.3
2652	41
2653	22.7
2654	32.6
2655	26.2
2656	39.1
2657	8.8
2658	25
2659	44.3
2660	6.5
2661	37.3
2662	19.7
2663	7.6
2664	28.9
2665	35.8
2666	29.7
2667	15.3
2668	23
2669	4.2
2670	41.8
2671	31.5
2672	20.3
2673	27.8
2674	37.6
2675	32.3
2676	2.5
2677	8.3
2678	20.9
2679	40.6
2680	3.6
2681	5.8
2682	37.5
2683	26.9
2684	13.6
2685	25.1
2686	1.4
2687	20.9
2688	3
2689	36
2690	2.6
2691	24.8
2692	33.5
2693	36.9
2694	13.8
2695	9.1
2696	33.8
2697	34.5
2698	20.3
2699	6.2
2700	40
2701	15.7
2702	41.3
2703	25.5
2704	41
2705	7.6
2706	37.6
2707	3.2
2708	30.9
2709	34.9
2710	1.4
2711	12.7
2712	19.9
2713	28.8
2714	4.5
2715	34.6
2716	29.5
2717	9.9
2718	1.5
2719	6.9
2720	35
2721	39.9
2722	0.7
2723	15.2
2724	42.7
2725	13.9
2726	36.3
2727	33.7
2728	41.2
2729	17.8
2730	2.9
2731	17.7
2732	28.9
2733	43.3
2734	12.7
2735	2.9
2736	35.9
2737	40.6
2738	1.5
2739	2.3
2740	3.9
2741	29.9
2742	5
2743	35
2744	36
2745	6.3
2746	31.6
2747	15
2748	41.8
2749	33.8
2750	37.1
2751	16.4
2752	37.6
2753	38.4
2754	30.9
2755	19.4
2756	1.8
2757	29.7
2758	11.8
2759	29.5
2760	24.8
2761	7.2
2762	26.2
2763	10.4
2764	5.7
2765	31.8
2766	39.1
2767	6.3
2768	41.4
2769	14.4
2770	30.4
2771	37
2772	33.9
2773	40.8
2774	11.9
2775	8.7
2776	3.4
2777	37.8
2778	20.2
2779	12.1
2780	36.6
2781	23.9
2782	3.4
2783	1.8
2784	20.3
2785	42.2
2786	30.7
2787	39.9
2788	19
2789	39.9
2790	8.2
2791	4.2
2792	33.1
2793	28.6
2794	36
2795	25.9
2796	23
2797	34.8
2798	36.5
2799	30.8
2800	31.6
2801	5.7
2802	31.6
2803	29.6
2804	14.1
2805	29.4
2806	2.4
2807	18.3
2808	41.3
2809	6.6
2810	35.7
2811	33.4
2812	36.1
2813	23.1
2814	5.8
2815	11.2
2816	30.7
2817	31.9
2818	35.3
2819	31.4
2820	32.4
2821	35.7
2822	21.5
2823	23.4
2824	5.2
2825	45.4
2826	19
2827	31.7
2828	41.9
2829	2.4
2830	29.2
2831	42.1
2832	26.7
2833	19.3
2834	13.5
2835	39.6
2836	14.8
2837	39.2
2838	23.7
2839	35.3
2840	14.1
2841	27.6
2842	29.4
2843	31.6
2844	37
2845	28.4
2846	2.8
2847	35.5
2848	3.4
2849	40
2850	22
2851	24
2852	3.7
2853	29.5
2854	4.5
2855	31.9
2856	28.5
2857	25.7
2858	22.4
2859	13.9
2860	38.1
2861	33.1
2862	41.6
2863	29.4
2864	36.4
2865	16.9
2866	30.4
2867	18.3
2868	33.7
2869	35.9
2870	31.1
2871	2.7
2872	33.4
2873	38.6
2874	1.3
2875	37.9
2876	7.2
2877	4.4
2878	6.1
2879	25.3
2880	32.2
2881	37.4
2882	28.6
2883	37.4
2884	29.3
2885	29.8
2886	28.9
2887	3.6
2888	40.7
2889	0.8
2890	38.9
2891	9.4
2892	33.2
2893	25
2894	29.7
2895	34.3
2896	38.6
2897	44
2898	1.8
2899	3.4
2900	36.8
2901	30.8
2902	28.7
2903	33.5
2904	35.1
2905	23.1
2906	14.3
2907	24.6
2908	45.1
2909	16.8
2910	33.5
2911	20.6
2912	2.9
2913	41.6
2914	15.9
2915	7.2
2916	8.2
2917	41.1
2918	22.5
2919	25.4
2920	36.9
2921	34
2922	2.3
2923	36.9
2924	2.1
2925	28.8
2926	39
2927	30.3
2928	6.6
2929	41.3
2930	14.3
2931	35.7
2932	16.5
2933	5.5
2934	12
2935	6.1
2936	2.1
2937	34
2938	34
2939	21
2940	45.5
2941	22.2
2942	39.5
2943	31.7
2944	42.8
2945	36.4
2946	12.2
2947	32
2948	29.4
2949	25.8
2950	26.7
2951	9.7
2952	30.1
2953	33.1
2954	25.5
2955	1.7
2956	33.8
2957	37.1
2958	3
2959	32
2960	18.2
2961	32.3
2962	38.4
2963	3.3
2964	30.7
2965	1.9
2966	37.3
2967	18.7
2968	0.4
2969	7
2970	34.5
2971	28.8
2972	19.7
2973	37.1
2974	23.9
2975	18.8
2976	13.9
2977	30.3
2978	36.7
2979	29.7
2980	31.8
2981	22.4
2982	38.1
2983	25.9
2984	46.5
2985	25.8
2986	34.8
2987	41.7
2988	4.3
2989	21.2
2990	21.9
2991	20.3
2992	39.3
2993	34.1
2994	32.2
2995	31.8
2996	31.4
2997	5.9
2998	30.6
2999	20.7
3000	34.1
3001	16
3002	34.2
3003	35.3
3004	30.4
3005	11.7
3006	31.9
3007	32.7
3008	25.4
3009	16.8
3010	29.6
3011	39.8
3012	12.5
3013	38.6
3014	33.5
3015	39.7
3016	9.9
3017	33.4
3018	32.5
3019	3.2
3020	29.3
3021	23.4
3022	31.8
3023	36.9
3024	4
3025	5.1
3026	24.6
3027	31.4
3028	4.1
3029	16.4
3030	32.2
3031	38
3032	4
3033	44
3034	2.1
3035	26.6
3036	42.1
3037	20.8
3038	29.8
3039	2.9
3040	16.6
3041	27.3
3042	36.8
3043	10
3044	24.9
3045	6.4
3046	36.7
3047	19.6
3048	27.9
3049	17.9
3050	14.5
3051	20.4
3052	25.2
3053	23.2
3054	38.5
3055	31.6
3056	42.3
3057	27.7
3058	38.2
3059	38
3060	21.8
3061	40.8
3062	35.7
3063	11.1
3064	35
3065	36.3
3066	7.1
3067	27.6
3068	41.9
3069	17.8
3070	36.2
3071	4.5
3072	28.7
3073	29
3074	18.7
3075	6.4
3076	29.3
3077	3.6
3078	21.3
3079	3.3
3080	28.9
3081	35.3
3082	2.4
3083	38.8
3084	12.8
3085	15.9
3086	44.3
3087	28.9
3088	33.8
3089	3.1
3090	42.4
3091	36.6
3092	38.6
3093	1.7
3094	45
3095	18.7
3096	36.4
3097	36.5
3098	4.5
3099	25.8
3100	44.6
3101	17.9
3102	2.8
3103	9.6
3104	11.7
3105	13
3106	38.7
3107	6.2
3108	43.4
3109	30.5
3110	22
3111	3.9
3112	36.9
3113	29.1
3114	33.4
3115	1.7
3116	29.5
3117	31.4
3118	20
3119	33.7
3120	21.6
3121	41.2
3122	29.4
3123	15.7
3124	2.2
3125	8.7
3126	15
3127	39.3
3128	38.5
3129	29.9
3130	28.9
3131	32.2
3132	36.3
3133	39.2
3134	11
3135	26.8
3136	31.7
3137	2.9
3138	1.2
3139	39.2
3140	2.1
3141	4.7
3142	36.3
3143	9.5
3144	38
3145	25.4
3146	32.9
3147	15.8
3148	36.3
3149	36.6
3150	33.8
3151	16.1
3152	2.8
3153	27.2
3154	30.6
3155	33.4
3156	39.2
3157	35.1
3158	12.3
3159	38.2
3160	5.4
3161	28.6
3162	38.5
3163	40.3
3164	32
3165	19.1
3166	24.7
3167	32.6
3168	30.5
3169	15.4
3170	42.8
3171	37.8
3172	36.4
3173	3.7
3174	4.8
3175	34
3176	17.6
3177	10.8
3178	14.8
3179	3.5
3180	3
3181	20.7
3182	2.3
3183	30.6
3184	36.5
3185	6.7
3186	23.1
3187	31.5
3188	38
3189	35.8
3190	35.2
3191	30.7
3192	44.8
3193	29.8
3194	47.6
3195	33.7
3196	4.8
3197	28.8
3198	2.8
3199	4.7
3200	32.9
3201	2.2
3202	38.3
3203	5.3
3204	5.9
3205	27.8
3206	41.2
3207	13.5
3208	2
3209	35.9
3210	30
3211	9.7
3212	8.9
3213	35.4
3214	11.4
3215	37.8
3216	40.4
3217	6.8
3218	33.8
3219	29.7
3220	37
3221	28.3
3222	18
3223	20
3224	16.4
3225	2
3226	6.3
3227	32.6
3228	3.8
3229	31
3230	35.1
3231	3
3232	1.9
3233	42.5
3234	15.4
3235	35.3
3236	24.5
3237	4.7
3238	34.8
3239	33.7
3240	20.6
3241	39.2
3242	26.7
3243	10
3244	34.1
3245	38.3
3246	30.9
3247	8.4
3248	31
3249	8.1
3250	31.8
3251	25.2
3252	47.7
3253	28.7
3254	0.8
3255	22.4
3256	33.7
3257	23.9
3258	7.2
3259	27
3260	5.6
3261	32.9
3262	10.6
3263	2.1
3264	35.9
3265	35.2
3266	9.7
3267	31.9
3268	39
3269	15.8
3270	34.5
3271	33.3
3272	28.7
3273	37.9
3274	38.7
3275	23.2
3276	2.4
3277	24.3
3278	39.2
3279	36.5
3280	38.5
3281	18.4
3282	17.4
3283	35.4
3284	26.5
3285	45.4
3286	23.6
3287	1.8
3288	4.9
3289	37.9
3290	10.5
3291	3.6
3292	31.5
3293	3.6
3294	43.5
3295	15.4
3296	34
3297	20.4
3298	40.2
3299	40.7
3300	28.9
3301	27.3
3302	42.2
3303	4.1
3304	11.1
3305	7.4
3306	9.1
3307	37.5
3308	35.3
3309	25.4
3310	24.6
3311	25.8
3312	36.6
3313	34.1
3314	3.3
3315	5.9
3316	8.8
3317	35.4
3318	44.1
3319	20.4
3320	22
3321	10.6
3322	23.5
3323	34.1
3324	10.6
3325	5.5
3326	40.6
3327	40.5
3328	17.3
3329	5.2
3330	36
3331	11.3
3332	2.7
3333	26.4
3334	24.3
3335	14.7
3336	10.3
3337	19.4
3338	21.6
3339	25.6
3340	8.3
3341	13.5
3342	24.7
3343	38.4
3344	18.6
3345	6.6
3346	2.6
3347	3
3348	30.4
3349	25.6
3350	28.5
3351	27.9
3352	21.6
3353	3.1
3354	21.6
3355	15.6
3356	4.2
3357	3.4
3358	45.8
3359	2.6
3360	8.5
3361	35.5
3362	37.7
3363	36.6
3364	5
3365	29.5
3366	13.6
3367	20
3368	44
3369	6.5
3370	18.2
3371	20.5
3372	43.7
3373	30.9
3374	39.2
3375	37.4
3376	18
3377	41
3378	2.4
3379	35.8
3380	10.8
3381	2.5
3382	36.4
3383	18.9
3384	41
3385	17.3
3386	8
3387	31.3
3388	33.4
3389	8.8
3390	42.2
3391	20.1
3392	11.4
3393	24.3
3394	32.9
3395	14.1
3396	22.4
3397	28.5
3398	14.8
3399	39.7
3400	33.1
3401	17.4
3402	40.3
3403	2.8
3404	11.1
3405	29.1
3406	3.2
3407	30.9
3408	35.3
3409	28.8
3410	44.4
3411	37.7
3412	2.7
3413	10.3
3414	27.6
3415	32.1
3416	31.9
3417	7.4
3418	23.9
3419	26.6
3420	9.7
3421	9.1
3422	28
3423	28.2
3424	35.1
3425	1.2
3426	3.3
3427	2.1
3428	1.7
3429	10
3430	2
3431	1.4
3432	6.2
3433	33
3434	10
3435	27.7
3436	40.2
3437	33.9
3438	35.9
3439	39.7
3440	34.3
3441	29.5
3442	33.1
3443	6.9
3444	30
3445	32.3
3446	18.7
3447	35.3
3448	28.5
3449	4.8
3450	28.9
3451	38
3452	38.4
3453	27.7
3454	10.4
3455	14.7
3456	38.7
3457	23.8
3458	31.4
3459	22.2
3460	5.5
3461	8.5
3462	3.2
3463	31.6
3464	36.8
3465	43.9
3466	24.8
3467	12.2
3468	3
3469	30.6
3470	7.6
3471	5.6
3472	22.5
3473	6.4
3474	5.1
3475	30.8
3476	15.6
3477	1.6
3478	21.8
3479	5.7
3480	21.6
3481	37.3
3482	23.4
3483	42.4
3484	2.7
3485	40.6
3486	17.3
3487	28.2
3488	10
3489	9.7
3490	1.8
3491	9.5
3492	9.7
3493	31.1
3494	24.9
3495	31.4
3496	23.3
3497	37.1
3498	32.5
3499	38.5
3500	5.3
3501	13.4
3502	29.5
3503	6.7
3504	15.3
3505	34
3506	45.6
3507	34.8
3508	22.1
3509	24.7
3510	38.2
3511	28.8
3512	38.2
3513	14.6
3514	5.5
3515	35
3516	6.8
3517	11.9
3518	11.2
3519	20
3520	2.4
3521	28.6
3522	16.2
3523	12.9
3524	3.1
3525	35.1
3526	15.4
3527	7.1
3528	4.8
3529	31.7
3530	20.8
3531	9.3
3532	35.5
3533	23.8
3534	37.8
3535	3.6
3536	12.3
3537	21.9
3538	20.5
3539	24.6
3540	31.6
3541	30.4
3542	15.1
3543	24.4
3544	4.5
3545	31.7
3546	38.5
3547	4.4
3548	41.7
3549	38.9
3550	18.3
3551	26.5
3552	7.4
3553	32.8
3554	37.3
3555	25.9
3556	20.2
3557	40.1
3558	30.4
3559	18.6
3560	8.7
3561	3.6
3562	9.5
3563	23.3
3564	22.4
3565	23.4
3566	2.2
3567	4
3568	8
3569	3.8
3570	9.6
3571	33.4
3572	8.6
3573	30.3
3574	33.7
3575	29.3
3576	36.5
3577	42.8
3578	23.7
3579	35.5
3580	40.6
3581	39.8
3582	16.8
3583	16.6
3584	15.3
3585	33.8
3586	5.9
3587	3.6
3588	35.7
3589	37.9
3590	24.1
3591	32.9
3592	5.7
3593	6.5
3594	37
3595	21.4
3596	35.2
3597	30.5
3598	24.7
3599	30.1
3600	29.1
3601	36.1
3602	1.2
3603	11.5
3604	37
3605	22.2
3606	42.7
3607	4.1
3608	31.3
3609	37
3610	5.6
3611	2
3612	35.4
3613	1.6
3614	37.2
3615	34.3
3616	27.4
3617	40.9
3618	16.5
3619	2.6
3620	9.4
3621	10.9
3622	24.7
3623	43.7
3624	1.9
3625	32.8
3626	33.4
3627	3.8
3628	34.1
3629	42
3630	2.2
3631	33.9
3632	29
3633	30.8
3634	35.4
3635	33.7
3636	31.9
3637	36.7
3638	6.3
3639	38.4
3640	31.2
3641	10.1
3642	3.8
3643	13.7
3644	27.4
3645	12.5
3646	34.3
3647	16.9
3648	25.7
3649	1.7
3650	21.7
3651	44.3
3652	31.3
3653	36
3654	29.4
3655	35
3656	5.3
3657	34.8
3658	22.8
3659	10.1
3660	5.8
3661	35.4
3662	6.3
3663	16.9
3664	43
3665	13.7
3666	26.1
3667	18.2
3668	31
3669	29.8
3670	26.5
3671	43
3672	33.2
3673	2.9
3674	40.1
3675	9.8
3676	34.9
3677	40
3678	4
3679	33.2
3680	12.9
3681	4.9
3682	30
3683	13.2
3684	26.1
3685	2.3
3686	5.1
3687	33.6
3688	33.9
3689	31.9
3690	21.7
3691	27.5
3692	4
3693	28.4
3694	29.2
3695	41.3
3696	3.1
3697	30.2
3698	4.5
3699	41.1
3700	19.7
3701	31.6
3702	42.3
3703	42.8
3704	37.7
3705	28.8
3706	5.9
3707	43
3708	7.6
3709	34.6
3710	12.3
3711	32.7
3712	4.5
3713	37.5
3714	4.9
3715	33.6
3716	3.5
3717	36.5
3718	35.5
3719	41.7
3720	24.8
3721	37.5
3722	2.4
3723	36.6
3724	20.1
3725	29.3
3726	10.2
3727	47.1
3728	9.4
3729	2.2
3730	15.5
3731	33.7
3732	25.2
3733	35.8
3734	5.1
3735	16.1
3736	2.3
3737	28.8
3738	7.8
3739	10
3740	3
3741	24.2
3742	3.4
3743	20.6
3744	31.1
3745	27.7
3746	35.8
3747	20.7
3748	27.6
3749	12.8
3750	26.1
3751	6.1
3752	1.4
3753	4.8
3754	35.8
3755	17
3756	31.7
3757	35.5
3758	37.3
3759	34.2
3760	28.6
3761	38.3
3762	19.2
3763	28
3764	38.2
3765	36.8
3766	20.9
3767	13.2
3768	28.2
3769	16.6
3770	4
3771	32.1
3772	43.7
3773	23.6
3774	28.1
3775	28.8
3776	1.7
3777	13.5
3778	39.5
3779	4.1
3780	37.7
3781	17
3782	35.1
3783	8.6
3784	41
3785	18.6
3786	9.5
3787	7.2
3788	27.3
3789	19.4
3790	26.4
3791	45
3792	1.6
3793	3.5
3794	11
3795	37.4
3796	21.7
3797	21.6
3798	13.8
3799	3.6
3800	38.2
3801	12.2
3802	9.9
3803	35
3804	28.9
3805	33.2
3806	16.3
3807	18.1
3808	10.1
3809	33.8
3810	18.9
3811	4.2
3812	33.3
3813	17.1
3814	34.1
3815	36.6
3816	27.2
3817	27.6
3818	11
3819	2.4
3820	30.3
3821	35.7
3822	2.2
3823	19.7
3824	32.9
3825	21.2
3826	23.7
3827	13.9
3828	41.9
3829	34.6
3830	24.1
3831	22.4
3832	38.2
3833	32.8
3834	34.9
3835	18.9
3836	14.9
3837	29
3838	40.2
3839	1.4
3840	18.2
3841	4.3
3842	14.2
3843	31.2
3844	1.4
3845	22.5
3846	41
3847	19.6
3848	23.7
3849	38.6
3850	28.4
3851	35.5
3852	19.9
3853	32.4
3854	39.1
3855	8.7
3856	3.3
3857	35.9
3858	14
3859	29.6
3860	5.5
3861	41.1
3862	2.3
3863	32.2
3864	33.9
3865	32.5
3866	35.4
3867	13.6
3868	1.6
3869	2.1
3870	26.2
3871	2.3
3872	2.6
3873	37.3
3874	4.8
3875	2.6
3876	42.4
3877	16.5
3878	20
3879	15.8
3880	19.1
3881	32.2
3882	17.6
3883	33.7
3884	32
3885	32.9
3886	40.7
3887	19.6
3888	28.9
3889	32.1
3890	32.1
3891	2.7
3892	12.3
3893	2.1
3894	43.2
3895	12.5
3896	19.1
3897	34.7
3898	26.4
3899	2.7
3900	2
3901	37.5
3902	3.4
3903	25.9
3904	5.9
3905	9.1
3906	5.7
3907	20.3
3908	30.1
3909	30.2
3910	35.2
3911	2.2
3912	2.8
3913	32.1
3914	30.4
3915	6.8
3916	8.7
3917	27.1
3918	6.2
3919	35.2
3920	29.8
3921	35.9
3922	14.7
3923	40
3924	16.5
3925	4.1
3926	33.7
3927	25.9
3928	12
3929	8.6
3930	10.6
3931	3.8
3932	10.7
3933	33.7
3934	32.8
3935	11.8
3936	14.9
3937	15.4
3938	23.4
3939	42.3
3940	25.3
3941	8.8
3942	3
3943	2.8
3944	5.1
3945	33.6
3946	8.2
3947	8.1
3948	29.1
3949	23
3950	24.5
3951	31.3
3952	37.5
3953	2.5
3954	34.4
3955	9.3
3956	37.8
3957	19.5
3958	33.3
3959	23.1
3960	31.5
3961	31.5
3962	31.6
3963	31.6
3964	18
3965	5.4
3966	31.5
3967	33.8
3968	45.5
3969	39.6
3970	35.2
3971	40.5
3972	30.3
3973	30.9
3974	12.9
3975	3.4
3976	26.1
3977	35.5
3978	17.8
3979	36.5
3980	34
3981	4.9
3982	5.3
3983	33.9
3984	25
3985	10
3986	1.1
3987	35.1
3988	40.1
3989	3.8
3990	37.3
3991	24
3992	30.8
3993	36.2
3994	20.1
3995	33.1
3996	38.5
3997	40.2
3998	37.6
3999	29.6
4000	2.7
4001	25.6
4002	28
4003	36.1
4004	28
4005	38.2
4006	39
4007	7.7
4008	6.2
4009	37.9
4010	17.1
4011	36.5
4012	38.8
4013	2.5
4014	15
4015	45.3
4016	10.7
4017	12.8
4018	7.2
4019	7.4
4020	29.5
4021	11.7
4022	18.4
4023	28.6
4024	13.6
4025	20.2
4026	33.5
4027	11.2
4028	3.4
4029	4.1
4030	2.1
4031	26.8
4032	23.4
4033	9.9
4034	43.9
4035	20.5
4036	2.4
4037	30.2
4038	9
4039	11.5
4040	18.5
4041	11
4042	11
4043	40.2
4044	7.1
4045	24.8
4046	18.6
4047	44.7
4048	21.4
4049	39.9
4050	13.7
4051	4.8
4052	16.7
4053	30.5
4054	35.9
4055	7.2
4056	13.9
4057	4.1
4058	18.8
4059	9.9
4060	3.7
4061	8.1
4062	12.9
4063	41.5
4064	34.9
4065	40.7
4066	28.9
4067	17.6
4068	3.2
4069	31.5
4070	5.2
4071	39.4
4072	4.6
4073	12.3
4074	17.9
4075	3.6
4076	20
4077	32.4
4078	27.3
4079	33.6
4080	32
4081	25.9
4082	36.8
4083	2.3
4084	32.6
4085	31.3
4086	19.4
4087	21.1
4088	27.3
4089	41.9
4090	40
4091	33.5
4092	20.7
4093	41.5
4094	10.1
4095	15
4096	39.2
4097	19.3
4098	3.2
4099	27.4
4100	26.7
4101	1.1
4102	32.1
4103	35.5
4104	36.1
4105	9.1
4106	25.7
4107	1.9
4108	14.3
4109	4.6
4110	33.7
4111	35.3
4112	30.3
4113	37.7
4114	40.1
4115	39.8
4116	34.1
4117	1
4118	5.1
4119	4.9
4120	31.1
4121	33.6
4122	36.6
4123	31.2
4124	40.4
4125	34.8
4126	20.5
4127	2.7
4128	27.5
4129	31.3
4130	6.1
4131	3.8
4132	31.9
4133	12.3
4134	2.4
4135	33.7
4136	18.7
4137	36.7
4138	6.6
4139	33
4140	22.1
4141	31.4
4142	18.6
4143	5.5
4144	16.1
4145	11.7
4146	18
4147	22.2
4148	33.3
4149	31.2
4150	4.1
4151	36
4152	41.2
4153	14.3
4154	1.6
4155	2.2
4156	30.9
4157	26.4
4158	3.8
4159	8.8
4160	18.9
4161	35.6
4162	9.1
4163	16
4164	12.7
4165	34.4
4166	40.1
4167	36.3
4168	5.2
4169	23.9
4170	38.5
4171	37.2
4172	29.2
4173	29.1
4174	25.6
4175	27.2
4176	43.9
4177	33.9
4178	38.9
4179	12.8
4180	28.6
4181	3
4182	39.5
4183	18.8
4184	22.9
4185	34.5
4186	2.3
4187	36.4
4188	18.4
4189	28
4190	14.3
4191	19.1
4192	3.1
4193	26.5
4194	29.4
4195	23.4
4196	32.5
4197	38.7
4198	30.7
4199	3.6
4200	11.1
4201	36.4
4202	46.2
4203	43.2
4204	29
4205	34.1
4206	36
4207	30.1
4208	32
4209	28.6
4210	46
4211	16.2
4212	27.1
4213	34.7
4214	21
4215	23.4
4216	17.7
4217	16.2
4218	40.6
4219	37.8
4220	17.5
4221	40.8
4222	21.6
4223	37.4
4224	36.3
4225	2.9
4226	1.8
4227	12.1
4228	16
4229	37.5
4230	36.3
4231	29.4
4232	27.3
4233	18.4
4234	22.7
4235	31.3
4236	18.9
4237	34.9
4238	36.1
4239	39.4
4240	35
4241	30.6
4242	35.2
4243	0.7
4244	13.5
4245	15
4246	3.7
4247	30
4248	20.4
4249	33.2
4250	14.3
4251	26.8
4252	37.5
4253	15.1
4254	31.9
4255	38.7
4256	20.4
4257	3.7
4258	27.6
4259	38.1
4260	27.5
4261	22.9
4262	31.1
4263	4.4
4264	41
4265	27.1
4266	17.2
4267	7.2
4268	28.9
4269	38.7
4270	26.3
4271	26.1
4272	2.8
4273	26.6
4274	32.5
4275	18.4
4276	41.2
4277	20.2
4278	36.9
4279	27.8
4280	29.9
4281	36.9
4282	30.6
4283	43.2
4284	6.5
4285	6.7
4286	1.3
4287	11.8
4288	24.1
4289	12.4
4290	28.2
4291	25.8
4292	37.6
4293	23.9
4294	32.6
4295	2.4
4296	19.3
4297	37.6
4298	8.3
4299	31.7
4300	35.5
4301	28.4
4302	27.3
4303	1.8
4304	4.3
4305	29.5
4306	40.1
4307	7.1
4308	36.6
4309	31.4
4310	2.9
4311	28.7
4312	34.9
4313	34.9
4314	18.9
4315	38.8
4316	25.4
4317	27.3
4318	36.8
4319	40.1
4320	11.6
4321	16
4322	25.5
4323	25
4324	31
4325	17.5
4326	2.1
4327	13.9
4328	2.4
4329	2.8
4330	5.6
4331	1.9
4332	23.5
4333	5.3
4334	31.1
4335	35.4
4336	4.7
4337	5.5
4338	36.5
4339	8.1
4340	9.4
4341	28.4
4342	8.7
4343	12.7
4344	36
4345	24.3
4346	7.9
4347	25.8
4348	4.2
4349	21.9
4350	21.9
4351	39.5
4352	9.2
4353	34.2
4354	28.8
4355	16.2
4356	32.2
4357	12.6
4358	17.5
4359	7
4360	38.6
4361	20.5
4362	39
4363	31.7
4364	9
4365	3.3
4366	3
4367	18.1
4368	14.6
4369	29.6
4370	37.5
4371	31.3
4372	44.4
4373	6.5
4374	39.9
4375	20.7
4376	28.7
4377	24.2
4378	38.8
4379	22.3
4380	39.6
4381	27.6
4382	33.9
4383	42.3
4384	26.2
4385	4.3
4386	23.9
4387	41.5
4388	42
4389	42.2
4390	3.5
4391	35
4392	37.5
4393	18
4394	38
4395	28.5
4396	18.1
4397	22.3
4398	28.6
4399	21.3
4400	6.8
4401	5.1
4402	31
4403	27.3
4404	44.3
4405	35.7
4406	32.4
4407	27.4
4408	24.3
4409	34.7
4410	37.1
4411	34.6
4412	24.9
4413	41.4
4414	11.7
4415	16.4
4416	23.3
4417	33.5
4418	33.1
4419	38.6
4420	34.3
4421	34.8
4422	38.5
4423	23.2
4424	2.5
4425	36.5
4426	15.9
4427	14.4
4428	3
4429	31.6
4430	35.5
4431	4.2
4432	35.1
4433	41.2
4434	24.4
4435	1.8
4436	10.9
4437	41.6
4438	31.6
4439	30.1
4440	8.6
4441	27
4442	2
4443	4.5
4444	41.3
4445	41.2
4446	3.3
4447	40.4
4448	44.2
4449	2.9
4450	3.6
4451	23.4
4452	12.5
4453	30.7
4454	35.1
4455	34.4
4456	9.8
4457	35.8
4458	40.9
4459	16
4460	23.8
4461	45.2
4462	28.6
4463	36.3
4464	6.6
4465	10
4466	43.5
4467	1.7
4468	36.7
4469	18
4470	34.2
4471	25
4472	36.2
4473	44.4
4474	1.9
4475	34.4
4476	38.5
4477	34.2
4478	46.1
4479	32.4
4480	33.7
4481	8.6
4482	35.3
4483	34.7
4484	4.9
4485	38.5
4486	31
4487	44
4488	27.3
4489	35.7
4490	38.3
4491	2.3
4492	7
4493	4.7
4494	31.4
4495	40
4496	15.6
4497	36.2
4498	4.9
4499	25.3
4500	34.4
4501	29.7
4502	10.3
4503	5.5
4504	14.6
4505	29.5
4506	26.9
4507	15.8
4508	25.4
4509	11.5
4510	21.3
4511	37.7
4512	37.9
4513	29.1
4514	3.7
4515	31.9
4516	23.6
4517	13.2
4518	37.9
4519	28.9
4520	20.9
4521	26.6
4522	1.5
4523	30.7
4524	37.9
4525	31.5
4526	8.1
4527	18
4528	2.4
4529	19
4530	19.6
4531	32.1
4532	1.6
4533	19.2
4534	29.5
4535	33.7
4536	33.4
4537	1.3
4538	32.2
4539	35.6
4540	36.5
4541	31.3
4542	2.8
4543	43.8
4544	4.4
4545	32.7
4546	29
4547	43.9
4548	35.4
4549	30.9
4550	4.1
4551	4.8
4552	26.3
4553	24.2
4554	29.6
4555	39.2
4556	36.4
4557	40.6
4558	23.9
4559	22.4
4560	33.5
4561	40.5
4562	8.8
4563	11.1
4564	16.7
4565	3.8
4566	30.1
4567	32.9
4568	38.4
4569	27.8
4570	39.1
4571	29.8
4572	2.2
4573	37.4
4574	37.2
4575	2.2
4576	44.4
4577	37.3
4578	32.4
4579	12.8
4580	13.7
4581	32.4
4582	22.4
4583	31.5
4584	25.5
4585	30.7
4586	3
4587	41.1
4588	30.2
4589	4.5
4590	9.5
4591	5.6
4592	17.5
4593	37.5
4594	31.8
4595	35.7
4596	37.6
4597	22.9
4598	36.8
4599	3.4
4600	28.7
4601	43.8
4602	40.1
4603	36.7
4604	32
4605	41.3
4606	1.9
4607	40
4608	2.8
4609	38.9
4610	8.5
4611	28.8
4612	35.8
4613	40.5
4614	17.8
4615	11.9
4616	31.1
4617	39.9
4618	20.7
4619	9
4620	30.5
4621	1.7
4622	34.6
4623	34.9
4624	8.9
4625	23.3
4626	41.5
4627	8.4
4628	25.6
4629	7
4630	38.6
4631	41.3
4632	29.1
4633	3.2
4634	31.6
4635	29.6
4636	24.3
4637	28.8
4638	24
4639	12.6
4640	31.9
4641	33.3
4642	29.7
4643	20.9
4644	35
4645	1.8
4646	29
4647	4.3
4648	28.2
4649	28.8
4650	34
4651	41.7
4652	10.2
4653	36.6
4654	29.5
4655	9.1
4656	21.8
4657	45.5
4658	30.5
4659	27.9
4660	10
4661	9.3
4662	33.6
4663	15.3
4664	19.2
4665	5.8
4666	2
4667	29.4
4668	32.9
4669	27.8
4670	35.3
4671	23.1
4672	42.2
4673	6.5
4674	33.2
4675	42.7
4676	8.2
4677	1.9
4678	3.6
4679	30.5
4680	29.8
4681	39.2
4682	22.5
4683	14.6
4684	41.1
4685	42
4686	42.2
4687	1
4688	12.7
4689	33.4
4690	6.2
4691	7.6
4692	38.7
4693	31.9
4694	22.1
4695	15.9
4696	4
4697	12.1
4698	33.7
4699	34.6
4700	36.3
4701	5
4702	14.4
4703	30.6
4704	21.3
4705	42.6
4706	36.6
4707	28.5
4708	17.2
4709	24.7
4710	30.8
4711	5.1
4712	24.5
4713	28.5
4714	38.7
4715	39.6
4716	3
4717	37.5
4718	32.7
4719	11.6
4720	2.3
4721	30.9
4722	36.2
4723	41.8
4724	23.5
4725	30.9
4726	44.7
4727	7.5
4728	1.4
4729	2.7
4730	43.2
4731	42.5
4732	45.2
4733	34
4734	2.7
4735	27
4736	5.1
4737	32.8
4738	3.9
4739	33.1
4740	27.8
4741	38
4742	33.4
4743	34.2
4744	31.7
4745	31.5
4746	36.1
4747	6.1
4748	23.4
4749	1.4
4750	3.7
4751	8.2
4752	35.4
4753	26.7
4754	29.6
4755	2.2
4756	40.4
4757	29.5
4758	11.2
4759	7.6
4760	2.3
4761	2.4
4762	17.7
4763	41.8
4764	26.8
4765	31.6
4766	38.1
4767	22.6
4768	30.8
4769	27.7
4770	5.5
4771	14
4772	45.2
4773	1.4
4774	30.9
4775	47.2
4776	26.7
4777	25.9
4778	28
4779	33.6
4780	43.7
4781	10.6
4782	27
4783	3.7
4784	12
4785	25.7
4786	12
4787	23
4788	3.6
4789	6.7
4790	36
4791	35.5
4792	45.7
4793	24.4
4794	24.8
4795	19.8
4796	34.1
4797	16.4
4798	2.9
4799	47.7
4800	44
4801	28
4802	6.7
4803	10.2
4804	3.9
4805	24.8
4806	16.7
4807	24
4808	32.2
4809	31.4
4810	28.1
4811	30.1
4812	22.1
4813	7.2
4814	6.6
4815	16.4
4816	36.8
4817	29.9
4818	12.9
4819	39.6
4820	7.4
4821	33.3
4822	20.5
4823	3.2
4824	14.6
4825	36.7
4826	31.3
4827	26.4
4828	19.2
4829	30.3
4830	6.8
4831	40.3
4832	31.5
4833	31.6
4834	26.2
4835	37.6
4836	28.2
4837	18.4
4838	33
4839	24.2
4840	17.9
4841	23.9
4842	15.3
4843	4.6
4844	31.8
4845	30.4
4846	3.6
4847	33.8
4848	16.3
4849	2.3
4850	21
4851	22.6
4852	12.6
4853	1.4
4854	29.4
4855	12.4
4856	32.2
4857	36.8
4858	3.9
4859	35.1
4860	33.1
4861	1.8
4862	42.6
4863	10.4
4864	44.9
4865	33.5
4866	5.5
4867	2.7
4868	40.8
4869	39.9
4870	9.4
4871	39.4
4872	2.3
4873	9.1
4874	36.2
4875	21.8
4876	25.5
4877	33.1
4878	4.1
4879	42.8
4880	6.8
4881	37.9
4882	23.2
4883	31.8
4884	33.9
4885	4
4886	37.5
4887	16.4
4888	28.5
4889	21.2
4890	2.5
4891	29.8
4892	29.8
4893	39.3
4894	28.4
4895	31.4
4896	8.9
4897	30.9
4898	42.4
4899	11.2
4900	2
4901	26.5
4902	40.6
4903	34.4
4904	4.2
4905	28
4906	29.1
4907	28.8
4908	22.5
4909	3.2
4910	38.1
4911	29.4
4912	35.7
4913	32.3
4914	39.4
4915	13.7
4916	17.3
4917	6.4
4918	28
4919	13
4920	37.8
4921	14.1
4922	33.7
4923	23.7
4924	5.2
4925	30.8
4926	9.3
4927	36.4
4928	30.3
4929	36.6
4930	31.7
4931	31.5
4932	35.3
4933	34.9
4934	42.9
4935	4.6
4936	8.4
4937	14.3
4938	22.3
4939	6.8
4940	36.3
4941	34
4942	22.2
4943	24.3
4944	38.3
4945	38.4
4946	14.6
4947	33.8
4948	29.5
4949	31.4
4950	20.1
4951	7.1
4952	30.8
4953	22.8
4954	39.4
4955	3.7
4956	18.4
4957	39.1
4958	4.3
4959	12.9
4960	14.4
4961	28.5
4962	14
4963	4.2
4964	24.6
4965	11.1
4966	45.2
4967	48.2
4968	25.3
4969	32.6
4970	1.5
4971	11.9
4972	31.8
4973	37.2
4974	5.1
4975	9.5
4976	40.3
4977	45
4978	37.1
4979	18.5
4980	25.9
4981	41.8
4982	17.8
4983	22.8
4984	4.2
4985	35.6
4986	2.9
4987	11.3
4988	23.1
4989	28.8
4990	35.4
4991	17.7
4992	34.8
4993	16.4
4994	25
4995	34
4996	17.2
4997	39
4998	43.8
4999	40.9
5000	25.5
